doc_id
7549149
2066791
10688214
4813476
8027371
13524410
15816122
20123456
10509044
12402984
20596658
5738699
3965094
20591979
1989464
20048178
15659782
22898315
21389145
3056606
8561866
11722453
17052355
2471539
7539648
16001179
21623130
17168441
17465858
14725223
17563749
23986551
21115897
6177234
12085174
11857406
17406368
19208833
15611824
10232478
2228687
2120951
16967442
11579681
23130564
20718683
8440607
15475567
12915687
4282734
24142644
24170107
20127848
1369551
532692
6702217
18330722
11380562
16899627
11272092
15718252
9349574
16136001
19370508
16263821
12097205
21289264
17483987
16154259
23729380
19453090
12679488
19500021
8958788
7112012
16264407
15126530
23132790
23729187
8538619
6616895
8050090
22194735
23666798
23231932
15623643
7883548
11966749
21368478
24170460
21423091
22783225
18923370
3436827
23993450
23806007
8844733
8387395
16000851
1345364
21134546
19269756
21566963
6883279
17179796
8854156
22513979
18927290
9038381
23653645
15804189
23898117
16310972
21422425
6624779
1655394
12002606
957981
5406884
7990481
8482618
16755692
22278419
3381624
23811186
23766237
3771189
5594025
8045204
16943578
6472152
15143963
696691
20386523
7689076
9379099
22655532
22655533
20925599
12240753
1726928
21501031
8855799
17575107
15179769
2108546
17201166
22220168
3836659
20657153
7370924
21568723
11194710
23406047
22311136
16613343
17596549
20061417
17188136
14602780
1737461
6870584
15645990
16172195
17638058
10918212
2165340
12203792
21296994
2654483
23821365
16284432
18709046
19802013
11716048
1181021
9990275
9990272
23843772
2794956
11918236
18018574
7103831
22781452
10449831
16029124
1569189
12604716
3185160
21417853
12429043
23698085
22007939
17240633
21471561
24114422
23809489
5818522
3965822
2719532
11022199
10214904
855660
3334817
12717370
16288007
11413523
14268115
70713
10216489
22869844
21190433
18365821
17667551
11838734
16258498
10815936
15044368
15681854
15681856
15739211
20575995
16535804
15613457
12903594
16134184
2651830
17115102
3099463
3766138
18622894
11198582
24122002
20734161
10958311
8625287
3668379
10934169
3618217
15755992
6015846
22043992
18630999
18089812
2801605
11172203
18201269
18438260
15640776
11725619
19016753
6281904
10834532
17257074
20017616
10375944
3155492
23509868
10193032
17156585
11835122
8195930
7474408
17671725
872057
7762345
23113752
17317825
22399519
12667615
8892315
18314596
22531042
17045167
1018984
9257505
15319593
2294770
11211477
11358012
23429749
9441502
19141399
23228448
22593455
3247851
18725177
17429874
24126800
7183024
9380971
9177396
19293266
2934622
22928443
22928442
23845866
20171178
15363094
10567671
24348463
9752489
17131397
22318823
22106010
1985750
3271305
8152560
23583302
16392960
12574211
22650230
16900624
20025538
20968153
10360640
21220477
637206
8099464
23912397
23226764
22252610
2752182
14870782
21607467
21571321
7704243
6506226
20414675
22438634
11369062
12423550
15118916
12469141
3962088
23628990
15899946
19276143
11349829
23729360
2897752
7195726
15785737
21400508
17967301
3915244
23135100
10552340
10572275
11484890
9661637
23115614
24117205
3486239
1508369
8367624
8521452
20157436
10437618
20628483
4726020
2375115
2161019
3775738
2368431
7533667
12729478
12729473
22674491
5478723
14296332
8981005
13211773
17914112
6932874
1630013
15650354
7757577
15769983
11373102
16613808
23839822
23493194
19404394
23839797
14652819
20090458
716887
23594881
23569377
17393983
7442263
17316109
18177257
18177259
8118226
8196165
22191389
18316577
16676399
24396653
8944888
12593719
16824476
22889737
18697871
23099978
2084423
17098674
4442921
14743202
18223235
17485079
19638576
17695547
872855
16224416
24024270
20646371
10362145
9989420
2026084
2026087
19491063
21272687
14122562
12057160
12707822
15614295
5559108
2294782
3061922
21663937
9122032
22586301
22718346
8200621
1122478
1122479
15737050
9082363
9516926
12404274
5007586
2651141
15308166
15308167
15671766
14729064
9398720
8909165
23589799
5091640
11215223
18669469
22654560
22847238
15364366
12370767
10339673
4088180
4827051
649772
14715879
22918703
24181663
1802682
16278386
23158179
23158178
3054030
20228127
7395228
21167376
9606289
21309723
7146669
749613
6635280
19959159
8842172
15108075
16551737
3588552
22563106
19583489
12707203
22175239
8185329
20578891
6426773
12828607
11274837
2086204
286189
18706366
6319268
7991471
2423275
16184762
11349837
2298499
21475516
12175525
17704247
21071467
8927569
2106118
23120560
12915632
24295207
13635247
19158360
10211598
6513024
12884350
23857783
23721245
10714625
17695432
23050789
5583357
2292224
1122480
19048457
15072705
20498632
17453004
2519207
10521809
23724124
16444354
16899574
21320341
1345570
21455012
11742333
6876397
12478492
24216474
23157475
3307290
76520
24185354
17460457
24394132
6407194
18399756
18947815
1745983
22042554
12364480
12894514
19373945
8774920
3680909
15663057
3235899
8855817
10520281
16910363
19148530
17079354
19328572
14557495
14557490
17910356
22633083
10404820
15842639
19265494
7946598
1952518
23589525
20200039
14735198
6307626
8257771
16213899
15850538
22991264
16299408
15599758
21912554
19887257
6508107
19727716
22458627
2848260
14259782
1457306
9683297
10679913
21830567
11600533
7918941
11368877
23150684
16474910
8259368
24267151
1712540
21725973
23701453
2704285
13736324
10213482
6464751
4285677
21596819
1902319
8279854
559169
22899291
2428725
15699543
6547969
17580801
17550961
18427014
6094883
210736
20219414
21178391
6740202
16807500
20470204
24345332
17040599
15650765
378351
14759075
5115384
8011021
21147882
17242574
11156332
2633916
14668729
23404348
5097263
18583996
23283368
16287490
5625048
10628390
1695118
17131154
5430510
11219492
12210034
11902457
22572813
1728417
9483219
516770
516771
516772
1144023
11350728
18788166
15713704
16882503
14666683
15230790
18502341
21900390
19321402
11193475
20810568
21981877
739875
15658667
18492751
18085520
16030158
11369989
505893
18572621
854370
18838882
4064037
7291580
9182295
19395202
8905033
19798888
17349179
22419700
16786150
23235344
22233555
8176927
22472175
3750457
11833496
8060133
17649732
23598436
24327568
20689131
12525202
23585692
2107720
15203759
1516338
1666771
21940273
7629382
9448099
17218945
21716161
12680148
3836061
10589793
20053778
7812988
4377844
19723757
8159411
22790962
17405351
22044775
23088956
19508120
17230568
1545412
18987168
17690558
21355020
2250366
21500309
2164546
14656208
23706447
18063085
433588
7956663
1405127
22190384
23982257
8982370
21811634
8473515
24141777
16106252
19825993
15770642
7214663
9333695
6832988
10192728
643127
17981789
20843444
17274052
20671939
21531696
10493503
11095436
2465188
19662494
10560959
15671780
9252711
21179285
20418080
12385368
7840490
21637923
9483220
21182945
11297616
24092989
22774206
20694463
5093952
9890741
19542729
2578727
16410725
9492154
23301671
23763764
24224029
17949783
11338400
21791572
16010429
19683979
1582515
12933658
20593036
19223553
3776922
3776213
8270035
15727787
9461325
18958156
16756475
18287867
17389456
16264365
23288646
21633624
17277931
2278722
8678500
16435154
8055459
12930596
16388530
4002053
11061600
4162772
21932123
18719091
11014583
23055011
23689802
16437976
19470727
16889486
657091
11059731
22136842
22136843
2084293
9754363
18509005
18509002
22655531
18541361
8631011
9516913
10487693
12495476
3350431
20553193
19230027
11383870
11788678
3005374
18181195
21623114
16366108
23533874
2441842
23860623
12860294
17848408
21704168
17542668
1421718
23055533
7306927
18194485
11575656
18478924
18581185
19513966
1722043
9809999
21907187
21214672
23531031
19885924
14692805
15827337
23159847
21611089
8100564
23376608
10326855
19534279
3341277
19059128
9314059
19885592
6256403
24084189
18813835
3843690
14575840
5865916
23462194
12114668
15517365
295166
11894027
21772843
8157294
7064410
18430894
12393980
23599079
17072649
21994409
9882949
7268924
7522412
12414503
11453659
24234516
18631012
581185
18197164
11396137
22477151
6207659
8017158
4079403
16331265
9737368
21162687
7547138
15562011
17704536
5727569
22919068
18806740
582023
17088416
2968150
22977757
12490072
14971612
22072743
16924234
17437344
12050209
12843138
17123338
8871538
11289738
10974465
3896182
12736725
14288871
16288728
17652794
19487299
16102210
6999920
2101676
12874762
23662243
7363154
23089471
22136819
22136818
21545903
14654945
18753363
2196988
3783987
2375118
2375116
2375117
2375114
15098919
16849420
24152827
22767520
17671138
21252667
20840674
17431111
17709725
8532409
19199318
12684664
12186496
15195111
9768682
23396588
949917
22688732
10767363
15910188
9735130
10676649
15789362
17690162
17989125
7433248
7656221
15519785
22896872
13585255
15685044
23534290
5756176
2321460
16385650
10921287
650963
23681073
23386415
7318217
18018558
15943045
9591882
17288883
16006301
18423422
16409432
18827421
21936674
14568171
8293626
7334263
10225555
16610690
8960046
6611265
22202162
1737400
22477067
8870327
16378196
14657716
15605808
23148580
3701168
19360347
18583391
8604680
16553028
16209055
19088401
17225114
23478056
11201858
23969186
9751634
22228332
10649530
17600478
21910667
12699598
12490766
12519884
6855248
15830567
16571083
9004925
17848848
3999394
19957220
16215682
6688935
8760694
23385357
18616678
16776196
23143780
2435145
10482374
14998298
2690062
11128724
11128725
19854299
2442086
21151388
1483945
16187909
12324571
12539254
11158054
17076909
19138396
24125989
3842077
15010879
17327374
10942601
11686581
15956966
19275760
15880523
9177455
24403717
20067110
6354425
10098744
9595037
5522632
20530439
3623435
16093430
229834
22328572
9044604
16735986
22234114
14976143
18785992
19596911
23218594
18429962
756228
24357248
2481935
12234063
16021466
3971371
20551551
2749236
16428506
580930
5839678
16647341
16197840
18653704
19300411
2675864
16777971
10639831
14670125
