doc_id
19449026
1788076
17708543
15916139
19829930
3358683
21439688
17191391
19898969
9563542
9012481
16936997
15546898
7077798
15043758
12790356
22431938
24341498
6313317
22791758
10688213
3965094
20852865
20604687
12634964
17910834
22962671
9568161
15068612
8229255
3896581
17397984
15499298
24302666
22996055
23483569
17131414
10023005
19536760
1904509
22898315
6697313
3551147
21389143
18098308
18306168
16595825
22248037
22895275
12409522
21386785
21974806
16740752
12114768
610554
24019666
8561866
1241121
11454042
23349314
8685037
16509525
6422617
16922467
9931790
14722676
15179755
15179756
15648552
10661843
15219102
18558598
19017759
18177804
18177805
2728801
2325609
11505212
22675538
18404277
11914475
20950194
19602825
24097005
3843689
21623130
8838340
14996725
24263457
20629554
9890493
20606729
11940050
12845654
9589486
24255588
21613356
17651453
10937763
17168441
22589604
2187493
22826964
23128507
6486614
6486615
1750285
17929014
7745234
23281387
16609667
10757334
21520503
19773371
15931286
4005800
19772423
1280319
2649019
8675574
16927818
18158890
11062782
21123448
9860231
7042069
18390987
15994745
15994742
1502411
9221636
9221637
9221634
9221635
9221638
22806060
7629646
20182356
10457910
10457918
3254803
8490927
17284624
10792347
11128715
9484634
8571726
8529444
9641454
24036131
15611824
19352273
17152279
21419724
22996244
7857722
15714595
2005453
10232475
20860420
23128335
12802477
7090374
18806930
12695789
21484047
15761561
21687601
2711836
19191745
20718682
15475567
17608132
16137536
24114644
8647677
8647676
15847782
22900222
7371174
3699664
16523823
430201
9735110
8039305
18505566
2221231
2221232
20026816
8424140
15034676
9045959
19528408
6866776
22276011
8574804
23358100
20463572
11083534
16124166
19265493
16356090
2343690
18568524
3619809
20381323
9770715
7980249
24054026
15913419
20502182
9476372
11272096
11272095
15565567
6136320
1528299
5164414
3101253
7557943
17042695
19055122
22889799
22985488
9379512
23652210
16918293
7524636
19549249
9626136
17106203
16263822
18758416
8988680
19957218
20677999
9380635
18605946
9135994
15631800
6637334
1122444
16329720
17308358
3194848
3194842
20847957
22387750
6409563
7433273
14550956
22280229
17426084
17953826
1774446
6868631
7884588
4702537
15277225
6879741
3362132
18335766
21850699
23724150
9360534
1207280
1891937
3255938
20094884
8131002
23025507
610539
22315013
23157897
19847280
21844909
10758605
18341829
3628022
3987701
23821288
18043490
18284643
15780565
21691237
12043914
16264407
23298113
24102584
15028317
2962104
21034453
12199321
21687597
10638405
8410272
18561094
10528289
15083192
2460730
17001109
23105199
15765010
15765013
19517394
1150869
16311041
19190121
8538619
22275472
18209903
15640901
15640900
15640909
16675914
18277003
3661838
12708097
23404751
7410531
18221503
19607742
16251880
15105893
24350419
19094513
10938686
22067268
23090642
11202268
12182039
12182038
12182030
12182037
12182036
21370500
23981162
18854619
20484385
10443689
20066572
9176772
17725429
6634419
3975583
20838284
20194002
17727487
23529347
17553654
9003417
1809592
18769305
19650107
348433
24325646
20135936
18325367
10598191
22001636
17426903
20070768
16676409
24396673
9473076
18830915
3222901
23668559
17956956
17956954
18807685
22853728
16482598
6680671
11169933
7735560
8935380
19744107
9848721
12008751
18923370
22901190
17498378
18058605
22224815
21383959
20839063
21808294
10923924
8844735
11130332
15490071
18936309
8575487
20020626
16715760
9464949
23594687
19589101
11750045
1463115
1463119
7920004
3048001
7920009
18976119
16610171
8194403
2272884
1956681
15359929
3978546
16603062
1556866
926911
10411121
21781145
16181234
12374663
17006842
17006840
17006841
17006844
8276544
20596996
23183621
2075308
17283127
22299551
4264829
12803237
11016732
19040983
19040980
17609301
16995307
16784981
16583356
11373937
9099982
4071392
22064080
17653791
23575762
20479583
12952364
6853672
23435044
11903601
22724272
10787191
16416016
10097700
22513979
9074516
9074515
20020292
2632472
23423788
15931277
20661558
8062468
19147628
19500506
16831055
1466156
19135930
23602840
17374490
23776922
23776923
22508673
22508675
15386999
21748817
19942990
21356639
18322127
23616135
8790199
11701745
11704999
3627850
6234573
15538930
16127218
9236893
9236894
9852532
4706203
9543128
17039802
20212015
11600580
7182552
10757070
16437964
16437965
16858194
23486990
6989141
9001196
12471007
12471006
19969444
10468931
16424689
23095203
15825691
22237710
22049245
3908407
9790504
23098431
10965408
3381624
24330356
8499235
15744853
10418587
16384850
19348580
12547722
7878198
6714092
15921011
16544335
22463724
8480165
8871922
11368096
17891244
17891245
17891242
17891243
9735140
8821957
20205098
20863596
16943578
12632814
6472152
15363207
21739512
15292285
15292284
12577410
7427027
4027931
21820215
22308835
15050181
20966328
21334773
20587907
23150679
18697864
18648806
22400075
11283483
23878753
22829399
15068628
16430475
21221869
7270570
8441273
2712868
21097568
22611764
9082340
12411872
2180238
21605002
17687857
7547225
16157530
21210115
8293409
9445411
23464784
23844459
9379097
15108096
15233020
20373983
7807728
11721176
14732779
17159243
16479246
19321014
17911173
2744644
18386128
15179765
15179763
11291053
21834156
9280463
19486776
15386597
9239245
19552924
6727283
12091503
20637335
18854266
10615667
7698732
23111353
7449540
19878072
17147082
18025430
17088708
16839260
17947948
21378078
11422105
3410936
17489069
8929132
19732762
3089192
19253734
20877918
12621014
8781630
24374647
16613343
24121722
6778691
23293053
7676714
1992028
17596549
12107225
10958317
18409152
22613573
16189702
1462145
21127756
15497927
15972966
15173915
23084014
10363078
1371984
3628093
17663365
14582711
20187783
20187786
11098579
11098578
17103166
12892796
19863574
18559722
1978945
9207967
21471848
9250320
17638058
6478402
9829579
17684395
19769825
16900519
6877876
23067330
15717654
12074771
12161538
24277231
7568800
7079235
7079234
18160228
9724994
16362262
3751088
17891247
18042175
17685252
10832111
10746684
2480046
20486066
18316623
19817905
2984898
23397759
23397752
18709046
10942134
10634383
3841772
9814503
3117471
10599312
12618333
3199736
19675867
22267982
20700666
2105703
8409736
11699281
2322802
9473261
11716041
21947747
11716048
15012611
15012612
20130857
22576227
10958938
15550503
19364579
7544717
23461399
20092427
23692026
24008393
21739331
15605517
15605518
14717667
9404100
6648813
9868959
18018572
18018573
18018571
9117274
7651730
24285679
7514864
17180558
7416187
22254148
11914682
21063234
6495352
17561976
18528882
23487510
22458971
16029125
1740931
21890651
10824930
9419100
10551309
20845807
12818111
22682753
23009688
7090593
16513626
16340716
19961815
9492150
10952495
7057478
10865038
2803926
8027262
20924280
17705176
22007938
9193808
9398742
21471561
9854570
7462393
23133181
23133180
21541652
1295468
12470420
19464706
9027206
22654876
8826082
20013610
3745409
22157935
18372514
1895859
17536106
16681439
9786809
2774114
20139234
21325460
19735058
8759540
9457259
18813801
7591305
8094510
16166845
19040970
19627740
8908447
18242907
16542610
22310269
22526481
3334817
21340193
15027888
1476057
17199433
17077130
10986601
10464700
12112541
18284635
22711546
8453583
10854557
21849530
9641897
9641890
9641891
21157216
22869846
3971887
10770565
22908057
14666632
21865726
19578592
21509089
11838737
7882445
17292845
17547987
8086348
10740608
2466753
4751916
17115345
12872571
19746451
11913113
3887828
9100800
21834960
15765025
23837025
1413827
14990587
19692875
21742463
22951943
23972648
9005765
3428064
23998804
2263801
10750044
17032718
22898677
15649506
22898678
15681853
15681854
15681856
15681857
8654612
3126537
22050475
19137632
18670854
17609306
20505894
23745318
8886624
17016634
18785536
8962959
7013692
16179790
23579962
11932275
391491
20427166
11789725
3819930
11801967
12092311
21647844
15922891
7995409
21299092
15971647
18417091
21170937
22553813
20490696
11416889
19963130
18228215
8692486
16736341
10674266
24137580
10958316
15070929
8988747
21646855
17638642
3437619
10872040
20576407
1561118
2307172
21420716
12828608
22827641
8885814
14668739
3618217
14668734
14969188
14969183
1416515
19859043
10646665
10646663
10646662
8299652
18341377
1884353
18341378
9101829
12053086
22938406
15085756
3249653
7283051
19961897
1413825
23427895
18753824
12192566
17043633
11331209
8869998
11932270
9776448
16796955
10912932
19829820
7580271
12783219
23365543
21994201
6823900
17665659
21243355
16208262
7500796
8837327
12975039
1951888
22791600
16883003
11004330
4190699
6590909
1597728
20012287
21093183
7699452
15815846
15762184
610546
20156922
2998424
20017617
16420177
3608841
3285378
15713710
15575255
21977029
3155492
23459462
11370541
11370540
11370542
12402382
21317830
1801830
20652290
2620265
24240178
16184253
17710039
12437700
9605742
21193210
8675590
11038196
22233131
18417873
10732381
20032418
4012199
15200037
9681971
22914564
22710988
1975986
21214982
11054636
1455315
3210869
18308668
16400382
16400384
23645532
23397760
16927792
18418591
1821916
18419979
15515746
23777982
10566665
10989971
10989970
7808803
7808807
18199538
15870133
872057
22773156
7904498
21747091
12915653
19908255
12767085
9218911
15453947
12481943
22973946
22416410
18314596
21050834
3454100
19499989
22234582
22371224
21049458
10543413
9694109
21956418
7988483
19488567
20975560
6760645
16351679
9254748
12791816
12357501
635781
10848882
3399222
9782484
21848552
19141399
19075128
20173019
16360389
12461057
9744340
9744342
3142712
19932149
10656653
21615309
21615306
7520169
12641628
12641625
7946987
17943974
11759244
3992444
18788925
18788926
1820969
23723055
11580997
23564026
8208524
10680917
22364239
16334113
10231421
10472925
20505997
6328889
7183024
23090797
16440157
11721202
18682151
9177396
22414970
19153015
19615266
18816184
19883731
20882418
8902574
19068668
22611752
10229914
22503316
15232708
18976164
2919261
21750043
11488002
20171178
23819507
23510883
2323412
2042692
8640708
19067727
610543
16452550
9187112
12144133
15349109
16722928
22540062
20432738
6119069
10572907
10599717
391042
9064416
2422104
9292959
23104708
6275984
20091309
20113682
9170425
9170428
19039550
2295866
20211103
12722795
8476139
23483137
6109795
743403
1880588
3820602
17603313
9374215
9374217
10065139
15266173
15266174
20956888
19380354
9723599
12738736
15275717
21675817
2993656
23758653
22316618
8992477
18677209
11394007
23886742
2874658
949916
23462224
22629532
11198265
10746987
8214291
8214294
23987661
22430670
18491092
22966397
3441615
21786097
16360403
8697689
20720058
17726546
21215196
14715824
17938756
5152542
22535608
15094442
15094441
12403044
17636488
7829632
19513386
15577584
22369326
22109678
19293631
18055421
8885174
1355598
11889192
4743837
16082252
6347991
4332633
17511900
20441483
9083940
21778212
16270771
16595495
7256806
2998885
15234032
1517360
19198929
22899202
14870781
14870780
7882446
7882444
7851142
10491561
18580230
16925968
2031539
22315442
23101467
19167722
14608909
7704243
6531150
2856622
7324601
16676396
20427420
15972703
16485577
2293877
22438634
12375648
12375649
1396151
15500653
22530159
16959467
19041020
12493962
21460783
19097407
24385788
18646677
7985084
7985082
7985083
23982677
20840792
18670773
11505746
24277507
11502772
11473207
21499728
16621423
15653659
9099539
3337618
707725
23489940
15757202
11403179
20186542
17045009
2753685
21355960
20668010
11436009
9677513
15855928
17705120
8954034
4815916
14747959
20844663
20887838
11421549
12536317
9539294
17021427
23997506
20444727
2811625
8280504
11188803
17103065
20450430
19919788
6734337
16401941
9329585
23939265
17524307
16319515
8871764
3763006
21450986
14699040
24084444
24084443
9693337
8980996
23120251
23810164
14600911
12707638
8736512
17188145
23917784
24283853
8976503
16514837
24405857
22654559
21263451
23738683
3347223
9870733
6438737
9699132
19835629
10877279
567016
22953991
18596272
2313353
18613899
22562954
11288983
17684619
20002768
8574299
19692828
8137584
19787312
11484890
21654291
17822248
12213844
22481871
22294492
6141993
23732632
14960641
2155079
10470226
24335009
24117205
12079713
935387
16080577
18928727
23895145
19773250
21712914
21712913
15839624
17609826
11006491
17582381
20309681
16219715
11789719
18506092
3533844
12097198
22165686
18389784
1731714
16949814
22083639
10595458
18334121
18070728
20660003
10097453
15170558
3988552
14987142
11974529
24378102
10726999
23235190
8712598
22115282
10773139
3245216
19623515
14660715
22639286
21054207
11109916
14214574
16574765
2368430
19933483
7334557
22136270
2479256
3738776
16532025
23069579
21520112
18936609
3185493
9284711
12743496
22458945
21125756
17171498
9625447
9135503
7207183
8934054
12729478
12729479
21060764
16595592
10850318
2206191
22919227
7400830
10090310
22017394
24350640
18390021
23493434
7542953
15324449
15324447
16273245
15841298
15841299
16627918
3202264
17696834
7959983
3696136
12782592
21538966
16769328
22663549
7725737
24068558
22690899
10550147
924359
24101052
111446
9436482
2121913
15530279
22924613
16369995
8338479
16189643
17519916
9798467
15603325
16116831
15531482
22674960
10839611
18335749
15650356
6436417
22740962
10720028
21826256
7444979
13041621
19627719
1373582
3194846
22442908
6745057
8978186
22184105
9239242
9239243
9239246
9239247
9239244
9239248
20564403
14575223
16613808
10944016
9709908
23040711
629499
23467309
9739839
23163848
11284105
11242793
3984369
21537860
1636246
20103668
23186979
16776193
8510876
10697268
11255083
6491566
7086528
16712662
6365263
9678534
12162676
2589960
7218812
11139058
16117196
22885380
17872353
3466581
16984659
21751218
17973315
24189220
16200720
9616241
12182059
12182056
12182052
12182051
12182050
20399540
21950769
15251758
20797751
11989299
2209841
23111705
16543988
11115561
1770936
14973173
23781307
15240604
18830125
519302
22260524
22972977
11454041
10598208
1528604
16676397
10836606
11355166
18474322
8481279
10846652
10830528
21088998
24282633
22018056
22135723
16680590
16680598
22892502
20852408
17218076
23978295
11197983
11197984
15357248
19033784
9467574
8166160
11573559
17308359
16468507
7100046
17170101
6592919
2329899
9627262
22936503
16121050
1826154
21461735
15719377
22562091
23741817
20062085
22693094
12365389
8108648
8108641
3610534
14534007
24115217
14534005
20571295
16756468
12364477
12364475
11976226
16218052
7760657
1518724
1518723
23354036
3028751
17614769
9484947
7224878
18546003
17091459
17091458
8965211
22503804
20605708
17392977
23939843
9467164
8462605
22785502
19433487
10520721
2195430
984923
20813788
19118072
22967877
23639973
9538450
856056
22661532
11477710
19014658
16915543
15966469
20392874
16839265
9274694
6152721
10530562
15588246
18828275
10737579
23136908
1786970
10319946
7179845
17493179
17638775
9100769
19027085
23844163
11072371
23609834
20551543
22541716
18847307
14602494
16183503
19158200
2034945
17473819
2912879
14652672
15142364
24185120
15788638
22431868
12440213
3661584
23693108
21395135
12882087
20646374
20803739
23734630
9144857
12225637
12225639
23774152
21656486
6472711
3768841
18419785
20687168
16827986
18279615
12209740
23327804
21523640
21272682
21272683
15053237
22344193
11038197
8294995
18837884
11981211
7584009
19777763
22903648
19645613
10432086
9645441
15785252
15614295
20025540
22793259
18939380
3486115
17710787
22382609
21883805
10731782
21876975
10744451
3886045
21198996
11201471
3061922
11442006
11442007
2299788
23166108
20660387
16936982
10923150
19821441
9744339
9744338
9744337
18483099
19589104
3003826
15929665
17498461
23106056
21982575
12375610
12375614
7094368
16785999
12519876
23865086
17445547
8200621
388146
15274390
1679843
19092294
9804398
19165017
2024633
9082363
17237838
11727628
11727626
7617649
15694668
18317715
20193458
15972576
8868098
3960026
18254952
12114753
12114759
12542401
23607000
8355874
15671765
17387744
20133453
21058881
3697656
22191261
22665706
10783567
12356509
6733684
17304474
12599223
23835563
19092161
21455197
17219991
8362591
23590130
10768565
10768563
19235129
22654848
11503584
18165002
19830154
24288632
20372779
18571588
21707848
22898790
23774098
15262757
18193222
1592886
3714606
9261744
14977061
11429750
19191290
17465864
23599721
23193961
7354184
21416635
15968416
15330196
16445820
23626005
22415807
6731030
23337621
17160155
8991412
15863949
2664445
22654560
23803106
1939648
2045512
19375609
10635386
17219265
17426102
10457909
22510122
9211756
11956824
16962736
24382797
10339673
15802922
15588384
15588381
17160215
24276613
15767811
20850397
12773129
23197046
18348081
14716759
2916371
10727040
19851169
1282032
21466976
20955457
3568974
8370008
20860418
10441003
6660353
23564257
16205897
7750812
21573641
21157563
21451451
21668295
17270018
18997044
6318081
1341479
2458739
17279579
22802008
16613533
22335971
9557472
20872145
17450254
22693385
17493239
12146048
10550306
20510715
20510716
20510717
20510718
21417916
9735128
1633237
6726444
16684830
21167375
19774624
16357561
21044120
23973115
9990254
2261912
2261913
7770421
9426438
16647541
22160654
22365643
1409080
10983937
16091480
21512681
19706688
8525342
8807246
19572977
6745296
8099609
19910899
18163106
9894773
1694984
17042688
11150030
22889782
23014072
21414327
3781376
1575301
19893923
10939606
3536387
10686949
2743634
22528774
8685044
15628964
1598660
7978748
12707207
22175239
19798878
23771388
427722
11485534
21454643
23417435
21289252
11054715
15640891
20578891
23412600
15196594
20091165
1438997
1923534
18063067
22781388
16531921
11729387
12109616
15909194
18685227
1935376
9360506
2086204
1689162
1689163
15959545
19260133
1393868
22310247
9511322
9591216
2234206
23928981
20698101
11865341
10761381
2539636
19936746
21568229
19998441
17000702
23469796
12057159
21643629
18727708
21530195
22043383
19942715
23611271
7169569
21739166
21763260
19449140
19449147
20476639
22173058
18782440
17216284
15379724
15379722
22270993
11678835
11678839
12169901
9728785
2499241
23563786
7539738
17561759
2823333
21475516
24326832
21835705
10329606
11701669
15522180
6675513
8678963
7711516
24292975
16157985
19185836
23403717
20940548
10021980
22678126
11556209
3785700
3961413
2562719
12182026
12182024
12182025
12182022
12182023
12182029
18664479
20711956
20151824
20151821
11155213
3342130
2106118
22975520
6647410
8569622
16791814
23750862
21269788
16944659
21809914
1384245
5524580
11068414
9034735
22356185
22882239
1954823
24137562
17696946
18418222
10598188
10598189
2733846
22536880
10217867
22583421
16543987
22379856
16360819
18261110
92401
18440129
2679847
17252232
23110624
17965111
23119741
21285923
22294096
6946105
18923368
17522858
17695432
23050784
8634781
14524486
14605010
23455530
23361298
12945169
7055095
9371865
7114941
23728951
6378803
11247457
6411773
11729583
10197078
17309186
14974863
15942636
21404570
15719384
11189790
15072704
23810576
4196263
10460008
12418312
8503737
19330189
19330181
21183629
21907840
10955452
8949413
20561605
2311063
17050067
8092946
11791591
2625949
8024104
12240898
22614193
23229718
20494634
10411119
22514108
19620939
16239202
17091461
22925004
18064515
18235983
24059060
3348903
9018915
21991790
19652671
18956647
16444351
16444352
23788893
15310545
21140230
15297226
1571042
12109039
15217136
11227150
12075176
269603
14575581
9597930
19732012
7483170
9709951
20685184
18818894
16202330
15693631
12113292
14535630
3787462
7844948
15947102
15947105
20069293
11376406
18279026
15517489
23060062
18779313
20176243
20176244
24159010
15371949
21034228
16352687
3682218
23337017
24243631
826510
5439138
21855238
17122638
17122639
11742337
15886755
22803838
22136846
9669401
22136847
3990030
3190398
21983399
15647670
15963067
17018445
22295711
22677990
20848402
23743097
23801296
22332559
18723982
15468114
17075500
19013369
3580165
15283382
1348415
15566666
8178773
3797260
2821721
10342361
23601563
15085203
10779142
22853727
17460457
16178055
22333377
22726673
22837926
2784072
20101884
6819535
7499446
16260423
9739840
16260429
22124360
21785061
19897432
24044517
22084737
22084734
9392339
15564829
1389891
15316577
19509107
7104620
3889080
1745981
1745983
16946003
10646883
16270877
2342234
16858970
23687641
23242039
1496271
17768141
17267329
19888855
19888857
19888856
22313411
15701340
7279692
22165758
18685889
18160464
16418208
14610350
23468571
24194626
16609007
23326755
23326756
12353337
23922347
8977426
21225761
22978687
15707585
19910908
19910907
19910901
8913059
21645022
20152708
10937048
22780573
3235899
20729453
22471241
144665
4067207
3094240
3337050
23236561
12213904
11041454
20029980
8712948
18025426
18058733
15156957
16868055
22145510
24233345
17178705
17178703
229151
12704685
17345120
11297315
14762699
2651933
9162191
19014326
12107237
22564710
18268520
21315633
17201796
8844732
8305764
6844904
24377596
2780041
1294248
7163090
14524487
10090961
2817218
21971605
14595792
19480010
24021843
9866945
14718282
9005415
22963891
1632470
19320560
24399106
10556007
7946598
21509594
14713270
23939918
8233465
18996649
8092797
14735198
6713694
17660800
22443981
6307629
6785532
22242190
21789006
22407311
8841389
21858396
23014070
16444163
3172520
12971869
7096915
24008490
2626365
16299404
16299406
21567003
23129029
22181338
22181336
17174366
10021978
20099247
22458627
2038708
20304710
17521005
16179407
21763631
18495537
21919213
7753555
15761524
22699477
14983490
24366419
21641577
9530890
15849459
7433845
3566176
22933955
19369019
11716037
21830565
11129807
3680475
9882883
8187596
10891665
5307354
10504520
874050
6481470
16405419
23150687
16149875
20210670
9868948
17684045
12873315
14714301
3047462
22736408
15746993
12002083
9204190
24260876
20056739
1424975
17868400
17199434
17199438
24273606
582160
16029132
8240672
7383415
23334110
22248072
8238736
10862021
20505304
2710483
14668957
7799077
7799075
22553812
24261392
7327149
21144363
23754875
6263597
11436026
11974460
12142399
22046576
17914993
7725751
23517313
15212646
11421529
3602988
12581895
12776192
3736190
19551443
15856429
3573877
20013608
19273697
20965287
17525969
20553195
23526730
20391966
12703121
8257865
1574029
21184076
23821456
19454437
23407367
22325789
16893379
17131395
17131393
9717990
15985472
16910885
23894154
21048835
8037794
18363882
15027890
20824809
22901217
21496269
22671036
1149781
10524570
6850505
9739856
23463330
21439488
16720307
21831957
1375804
22970410
6094883
17006843
11913107
21508391
4192192
23038920
15711837
2342372
23828437
23828434
23828435
23828432
23828431
11074648
11074641
15362967
6740202
6889306
9361100
14618327
10473720
16807500
12459319
23294230
2390796
18077985
3465415
21594522
20470205
20470203
10803328
9293788
1745491
9796729
15879365
17395973
18464485
11523714
23360496
18465686
18465687
12148586
23193072
23572163
14759077
21811666
23625203
23533237
3922110
8310827
20105250
23152121
21557534
8011021
21085953
2813348
16553031
10881006
7004165
15761504
2425826
11921678
8530235
19953247
17882495
21570311
12715168
2001881
23486319
10958309
17127711
3235967
24166935
2916907
22961909
2741684
21908930
11395561
8355078
16279848
11144102
11144103
5077413
17879714
14668729
23040929
15876162
8790212
12235469
7573680
8599963
16000286
21106140
10611572
583618
11434665
11434669
22191411
10912028
1413835
3356217
21521301
18998315
16571094
12192551
23670709
9479956
20683059
7580263
7580262
15495514
21179279
8119235
12153600
21042913
14743508
4051116
18302515
18310274
17495053
20334743
19825162
11894786
11740048
17573201
10398428
7478621
12665645
2709740
15992702
22614210
22890443
23539720
11869709
22011859
17706110
23090072
16244545
19081859
7246011
11202090
21679553
6405999
15475448
8620458
15251624
9523201
12081061
9014059
19883896
11718227
9792143
23928980
2711476
12699436
14635413
1749587
23128246
23358404
21761014
9379692
16882500
16882501
17279493
14666683
16600201
17710021
7675641
16682940
22435912
22435914
20049964
11554639
11554638
7841930
7073140
9664176
10520496
2004304
20526288
9735646
8473075
18309016
16949986
3668355
12854498
8875985
21081785
1922882
8555694
19041827
19041828
22607583
17137036
8691639
19260950
10520931
20586118
7713991
16865209
16360406
10989966
10989968
23012466
19047894
20409510
2218893
8965625
17316122
19272228
1988751
1988750
2948942
15658666
18345404
24295411
7441790
18397985
3652482
17100547
8608779
21220971
17538522
18492751
15204382
22438958
2312106
23623403
15239027
8758265
11358005
16208173
2956598
16360393
1344442
12541722
12541723
17256140
3250133
7210935
10374014
12931546
23569218
3995489
5530585
3948123
23709654
17657791
8259840
8803709
4064037
19093110
22145466
22145467
22323775
9182295
11751063
11134147
740986
17803695
23608996
13919753
9721709
15132720
11466820
19798881
23987482
9715297
18496455
17349176
15516778
10732793
9774495
7438460
11782086
8790201
2913623
14588107
15540177
19850694
11874417
18298317
6692296
1634938
19658182
7988395
7139541
12616215
9181233
11519360
1944153
16538064
15213710
8611082
16753740
17707241
989509
19594419
7618962
11917599
20113699
6375208
9459637
6441993
14737730
10646666
18602667
16249278
16436042
11754378
15143574
16794517
946653
19942992
16646570
23317509
9000596
7677405
21825861
9133698
15163309
15977146
8917193
15842643
24171036
14509503
12667332
2588123
9870160
11141721
8625196
3953203
18579244
21476057
14077063
12016485
2462148
6234530
7629389
7629381
9499265
7594220
16715721
3368333
23109464
24057319
10645229
18029468
20960170
23140922
16095849
20851682
15757201
22738343
745812
1413840
2806355
14561580
2683975
21707434
5820578
15256783
21264807
8563479
21412686
10534163
22459989
7822175
16646687
24335091
12186500
6639442
24390055
12946480
8483363
14676456
14676455
7512670
24326000
19723757
12056645
12114707
15761510
15761511
22335992
22733393
22818209
20028904
22925390
7522532
16619520
23159288
24025918
20924081
15546550
22918300
22669053
12960594
2663577
22273220
6675516
15091208
10319034
12478678
9019212
9930143
12508180
8287772
24322795
16405423
8000831
15765757
18955784
15483076
143400
18191019
3973744
19043789
11943905
15251165
22532159
7858744
7811827
15653649
16434461
15145237
22341041
7293653
7293654
9808321
10805117
22336157
1318449
23155612
15181134
9018914
3526193
8090582
2626383
4008522
3760975
19950399
2749651
23374149
14588100
19258410
9215269
24329613
11833304
11935135
3354295
10843201
11422803
22273853
13501177
22385290
17243543
2810561
10451880
11458174
19456847
23218882
7361086
22760303
22460690
20205241
20634642
8542909
21835047
3892526
18063081
20212421
20212422
20429037
11747268
11685560
19200582
3293774
18528186
12041916
8888801
22091330
10867144
19264233
8103268
10378657
19164225
17971424
22869417
12924173
17334313
24126232
11108162
7677635
8219610
23326066
9414190
15863962
17452866
17337154
21809831
21983636
2609534
24378096
22522602
10552086
24141777
6616144
24379874
12548045
18424286
7485734
7485736
21193871
7479348
22247974
9035579
3137315
17684608
9428928
17006835
9669394
22081181
16932301
19470821
22946503
2005446
8101110
19095376
9491214
9891105
11244593
19160863
10192727
10025122
15613412
7913660
11061516
18212751
692191
15947945
6428791
21484380
23790177
15841302
15841300
8440615
24025621
7985706
9174630
15847791
18506086
17185801
20225271
16538412
23754668
1871617
11585859
11585858
11976802
23616148
24341425
22511178
9197862
17433606
19655340
7487672
6536204
18084681
18332874
7252596
12585034
15649252
22815124
3420932
2259260
6475061
18997668
2465188
7980252
2368447
16688502
22136267
16091757
15944551
15194999
7491516
887418
20097316
8934047
15685703
19598221
12182047
1384244
20099311
16506015
933985
10584405
24144287
18463349
17724004
9879348
9226199
9380603
1903197
16928445
23508631
3725155
9637555
3971789
21054476
7059925
12004917
4711140
11953583
19302958
20084711
12750997
23681150
2663426
10526627
17426094
15188460
7094796
21546127
473251
8516511
6857735
16404230
16121403
7062137
19358183
23192295
19512954
19095593
9360526
9158666
7851141
11084393
22072271
17278897
17659173
16481800
6494858
19217062
8773369
12743874
10982016
20537878
9239254
9239251
4845957
7304653
9709930
11235911
16740767
1614399
2261907
21593347
8980992
8980993
18502337
14763906
22653101
367568
18456786
11349221
14652809
16768871
18426827
18426828
12970322
11303891
11303890
2004339
2004338
7394242
8787318
22081104
2593228
24341953
16485160
11285769
17313627
602978
602974
15292559
6094710
18228214
12905018
3179951
19039917
17607042
11387963
6288525
10834391
12639922
18774544
21513636
9075070
12182048
12182045
12182046
12182043
15338719
12170087
12170088
21498534
8255592
7533768
23334946
18803450
2451152
19050874
23426704
23898059
3183748
1501857
8313757
10079382
23049746
9793053
15737848
18979451
1421005
15610714
9685998
11192718
24072237
19448067
3087907
3776922
2001879
9033879
7525511
21573476
17064489
12114806
23192391
16403815
18018565
15069329
17938759
17938757
10830533
19864950
9623727
9623728
21987112
8045985
1768209
22883640
22350610
23553855
14992733
19705623
1258824
16868643
11007523
18164392
24251307
22057754
23997503
17021421
22672149
11801706
12100079
9617933
15608688
24011674
24328997
12519854
18342286
18342284
18342285
18342282
18342280
18342281
18927327
15851360
14534014
8071685
12030609
16756473
16000845
3725154
24050927
19636213
1463103
1463108
8225250
12647789
23099964
20435531
23010732
23599966
22965940
21080548
2636958
20033685
23288646
19678746
10084570
10434780
21134555
21134551
21134552
22473335
17600699
19953577
23348395
2703542
11739420
10218326
17006851
16322380
21215214
15113046
20538039
600242
21368600
1947763
12961026
12500924
20852407
15872369
12855021
3587203
20614316
16581665
22064099
3057101
21069705
2145560
12866375
15256244
9173172
4002054
22461634
22467286
9686011
12534353
11565769
19727961
16604553
22078085
19158232
23100233
18657294
21113746
11742319
6742325
18661355
1998875
16126335
17118841
15318305
9646243
10794546
18333702
12045860
23519682
11030206
12841869
21417919
9328388
9167684
8372687
21094678
18026950
19413618
7714554
8216254
15118274
20644217
12767519
16822819
17700550
19031085
12033961
8116224
11859575
22064117
6424939
16889489
16889486
16889487
20713343
15785246
24163569
11696170
8039129
9380643
7434887
11484892
23835075
22205241
11799311
2816209
3068650
15216675
15763659
11549660
9755668
17891253
17891252
14516560
18399770
9204746
20861795
11940201
8237680
9625358
12371388
6664534
24368531
24368533
11006619
18509005
18509004
5696115
2115330
18813971
23700178
9850177
12034054
2651932
22526578
4062059
24248429
15251153
17667746
11564916
8778805
10487693
21112576
8293410
20927023
23265135
19020251
22492024
16984246
17073845
12114741
16967785
7829941
1566012
15022491
10850426
6512496
14629818
22767968
1411945
17761397
20553198
19446693
11383871
12872446
11227733
9242342
21263257
9851751
3736171
21623114
17218721
13588103
17218724
21345658
19322503
7629390
10534767
16044900
10436194
21498164
19596568
8497641
24094640
20179793
22400969
19738460
18376354
8530612
471778
21070478
23436920
22072150
19352252
8295068
8523115
11068539
1361106
20821206
9446341
14611704
24297809
20689140
12860294
4960124
23626010
17639052
16834835
21470713
21704168
1554411
23607201
20548141
8187297
23079721
19072673
19707890
12378932
16086077
23622038
19519221
15952413
9854932
9570215
21632805
9854681
9854684
3699197
10524573
9546258
9192832
10338085
3719849
4067396
15107999
9121150
20425543
8234866
17179688
10832109
15789918
16607831
18097252
22328109
7648163
6851738
9534706
18207685
17002018
12029550
18607320
20384491
8776173
23881852
9737791
14662540
24285100
16487009
23477374
17268018
9221132
7509630
22241789
289737
22582949
21144693
3836658
21725630
2261908
17128567
10726259
11502811
19364580
12515135
20375387
19828692
22166358
21214672
22785429
24099521
4011426
10453170
12651598
15657587
11297585
1930018
20473996
18018561
18018562
18018567
18809953
23311243
23022340
9609061
12109784
10683064
22006540
23198224
19415387
9849814
23486547
15612511
10576761
15872368
1573886
3587204
7960741
9848714
19398593
21269554
8782199
8677502
23462656
20740182
15930290
9646248
21896899
20574174
19355826
5327066
15272239
8787961
22179975
11762711
11762710
23014068
23014069
23014067
16501673
12678482
20105187
21196179
16690462
15670208
20845598
11158080
11497474
22175241
17502198
20971497
12145578
19913280
15153799
18417903
20181018
9565123
1761595
9854568
19534279
16878448
19860577
846857
24213562
11404609
11967907
23720229
15640888
7318406
10996713
1671565
11158019
3951124
2640896
16322336
11297621
7559096
21791482
2015925
19415995
23872202
7335548
1393857
19773393
688178
6120429
22360502
24373300
17075410
22310270
10448301
1477008
4047268
22735115
10423760
19836491
3278637
3787464
12114668
2256417
22331172
10352523
20629335
23525600
7045510
23348184
2246675
9141564
21940280
21940284
21570788
20497934
22558476
2917068
18459444
18694518
1676840
23828865
12557229
19060179
20142332
21838904
23595630
18426810
10417682
24281999
10330816
16728537
11894028
7226015
14991244
2175251
11120298
3172898
7755335
7755337
7755336
19672965
15891289
24137351
18470514
8531449
15091209
22038162
14579299
7746733
9164219
12608895
7016424
18540307
15185073
17986280
3208808
11793369
11155225
11155222
16207895
15009912
15009916
10420227
22643561
10820537
15272927
23340930
2091284
7124290
3658661
3658666
18631017
1448904
23880920
7977430
20014303
7049349
8944300
20499412
23517405
18411669
581185
22559001
20843751
17983080
10726256
10726253
23486336
15509640
20091899
3191450
10217870
16259106
8077333
15757200
23084016
15116328
14575419
20966648
1430377
17186343
23149302
19281428
7923017
4079403
10873043
20505909
16557207
7402653
15490055
21264543
9504687
22485196
12017319
3967174
12730658
6648795
2705914
7391670
9020497
9822123
3281848
21040579
12071534
7547138
9174719
19723317
15852498
1824340
1603426
22614186
22614187
22614184
21134564
7638512
8435810
3434281
23731273
16319807
24085223
10074721
536837
20138116
20219856
7630175
18567668
2063977
22827579
610559
610558
610550
610556
6678442
12855017
17704942
3704707
23271037
24006772
24296516
17554185
9890734
9890737
9890733
19476774
9890739
16270269
6664184
16794352
18043257
6814409
20954315
15517491
15517496
10438545
12490076
12490079
11370535
11370538
11370539
22201714
2292479
9972054
8140667
10365671
10365673
9497879
22666793
15139704
9062474
21932179
11215773
2090795
15200043
18497954
2346381
17917631
24314253
11742325
15933498
17123337
17123335
21719159
21294389
1486179
18612701
22792596
23288825
10511731
11289737
21836499
24199963
23259327
23074376
11193452
20848436
12793959
23304086
12491509
3965495
6875677
6819704
7747248
11929080
10566678
21278616
18188642
595510
15560308
11686558
3896182
18166820
22980691
6696626
6892602
7723373
9306540
23826916
3797259
19160311
12560781
16249606
9874430
2130222
22278431
21598227
19779325
23244139
11323565
22996403
4079392
19910897
17667446
21049465
21049462
21049461
7882439
9315053
17652794
24287799
2793133
12874762
9134245
11138683
20179899
7724824
8759617
23089471
21167555
23106428
12808654
18703852
21545903
20951315
8045955
2221797
12208673
17630916
21615311
7755338
20001720
20001721
15256127
8678852
23221150
22059804
15779051
17294077
22718304
16010252
22889773
2570483
4090912
7364593
2430591
18548351
16557281
24305950
15098009
15022277
23741589
2375118
16715702
16555627
11705000
11705002
12534737
22450825
15337802
15816536
21876838
8871008
10229904
18585556
19247651
23651132
19218279
23813775
21252666
16960401
23357825
11213579
23355745
17595858
10584133
11765345
19797117
20429310
17949266
15242576
15242573
11174831
6505970
17318278
17709725
20687394
19628649
3669824
20042852
9580856
15319591
12684663
24225414
21569904
18269121
21569906
24107415
7559879
8075172
17555505
1360496
11388991
24077637
14512328
15862502
18058267
22526904
19013920
11441292
16271082
8295384
23751876
15505528
1493570
15283689
21795449
21825849
22921753
21340173
12193302
19352484
21556739
3793847
14620185
12182014
21161440
11710686
12804107
12804103
20561773
8214286
20544166
23913830
17690789
17989125
6313176
7028344
18704973
9536994
19760415
19760413
19655201
19655202
22846585
8495962
12788883
17011421
11883862
11883865
21334106
15148821
14713269
20847059
8887882
22780333
14715833
21339429
8649038
8662104
23242250
3217257
23106409
24175846
9330589
9259520
3993839
602404
17492955
6427386
18815668
5830910
12193566
16270762
16817141
22142994
10510812
7225731
12354135
6851742
23601564
8463550
17274750
2321461
16925971
6435198
7787431
90477
24217550
11327617
16847185
23043196
24074409
11589688
16329987
21849927
15200161
14739527
21029259
11549631
14660910
16102579
23477346
11953175
9141397
7738653
14755766
9282206
678192
11919168
22766226
18681857
16405407
18018557
18018558
16888911
24174176
11484983
19411029
17131429
17131422
23023191
21399390
657934
2239819
12417089
15933516
12058304
19841680
17302297
10945916
18852922
23159897
23159896
18852924
8246625
21326144
2975038
18088396
22257374
16646289
8912084
21880704
22175271
16150246
15124626
6460934
20842858
18186293
10367630
7725746
11349838
19902289
3591751
21936675
21594707
6485689
9221312
23474639
16894419
11701695
21728067
22274547
23398107
4088188
14568170
20380255
11863215
24343809
1891347
19415942
21544453
23153322
3103324
9239240
12148417
10449665
23162534
1280346
17188154
17188156
16610690
8402050
20712436
9239239
9239238
20452757
22531679
3242762
12117344
1869997
7508741
1869993
15695326
6627204
23600282
6611265
20205756
19851194
3755995
1439000
20204403
23776898
1737400
20082203
23869322
17574976
21471170
19627656
9240297
19833337
16749660
12574769
23921836
7355566
9702543
17684621
17684624
7757580
1476063
22827435
1369745
22477067
9662590
10727004
10727003
22892653
6407747
2173080
22366982
22957267
21149483
14657716
841063
16798933
16798934
8531436
23649086
16556714
18342283
21411300
15753676
22878578
18818134
15942483
17986279
11723908
19048752
19031733
6407193
20099419
15762048
9846501
7956323
8455341
760191
10698055
22337391
11957557
3283607
15844454
21673468
3356216
16614712
19436230
19436231
11502841
10857308
11803634
21039721
3311664
15912296
9931611
9931612
17575492
15376563
21796448
23721138
3682198
19856257
19856258
22639291
10836693
8077365
8077363
22136207
22136209
8080485
14752883
7491533
1565936
22127603
9751634
23824493
17037283
7714105
15678861
15278189
22434304
10614137
17600472
12607862
22770922
20168289
10515332
1791835
7400828
10090308
10372715
20151122
12490765
12402405
12192549
18785496
9004925
18004607
3999394
21848910
8981013
20804025
18812478
17203893
2930688
7917529
23098114
17989057
8872428
20925955
11740050
11740051
11740053
21134537
1143674
15529186
17006839
17006838
17006831
17006830
17006837
9470182
17914109
11014317
10894561
10894560
23847796
18596397
22969246
22969247
10832526
23539734
15682843
17475578
4691617
11202089
23532502
24002951
5359815
19490465
6841555
18431142
610561
14668956
19164864
24295076
1726695
8150457
7856976
727220
20676139
24088549
3613355
19474675
11128725
1477899
17201802
23340593
20548269
22524499
20615132
6840715
16565969
12056464
23618770
1483945
21992360
8851687
9226030
16187909
8786068
21674875
8675602
16732600
12843163
2699711
7989975
23185308
12727991
12727994
17581750
22006471
7322903
16061828
11820589
6375099
2891910
23947771
11158054
23304637
16556026
17076909
7010071
476434
23722225
3356215
7548648
21986400
2312602
12665649
22932157
3307730
12182065
7509102
19671518
10886730
24403717
4476467
3706611
21482585
3706618
18045949
3253029
8772642
6618314
11323510
15972190
19589279
17609408
8608782
577082
20463835
9777742
9777743
16119108
21505897
16119107
18175115
2292657
2292656
22667339
20087239
6677786
16405261
1781039
7214723
22070050
15248402
16395493
15291124
1963681
20353278
11339092
3623435
3623436
16858944
15046390
23051831
16118775
9474590
9467569
8207614
21804527
18090216
24222113
17484272
9803073
21951666
24093878
3820853
15347723
11297567
15062366
229834
8154142
2454902
12513954
14584085
19817553
23894017
11554854
24406181
12820316
16891093
10211989
16133388
9715281
9445196
16735983
12568423
18652216
18652215
8488473
23796008
15233548
15920537
18544444
24186587
12884210
24186588
3276396
22522710
17595846
22971040
2287571
17505148
23467725
11939728
16322322
21663528
22156462
22156461
22156468
11963755
15320975
18202778
15080787
10520714
4064348
10550294
24390830
7848802
23982724
7479095
17580029
7944495
15547772
9669284
20029416
22081274
23533895
11426239
20942235
2481937
15487449
14688895
9374234
20154638
12444888
21521273
10718555
7184914
10396858
9074522
21355471
16522694
2361653
9591591
18248717
9133681
21088504
3971371
1124555
12412723
16002527
20551551
17578824
21724837
12574186
14515006
9316787
21247815
16194828
3441634
3441630
3441632
15780216
7483337
8130165
22304797
8915115
10459176
22511602
16647341
12803010
12803014
21715540
20646368
20083161
7629392
11434224
23067402
16314832
22238400
2675864
8540130
1542996
23624819
15369456
24040896
16772198
21520031
1508530
19033798
18931957
24014040
21917876
24098014
24098016
17252690
16541452
7447520
1803966
9274701
11870661
23327839
23341072
914302
12733119
8066203
21573833
21816801
17046239
19181273
19574485
11762717
