9076	CLDN1	16.000000	20.000000	0.000000	2.250000	1.000000
54386	TERF2IP	10.000000	22.750000	0.000000	0.250000	0.000000
3921	RPSA	3.000000	8.250000	2.000000	16.250000	0.000000
3480	IGF1R	25.000000	33.000000	0.000000	23.250000	0.000000
55619	DOCK10	10.000000	16.000000	0.500000	1.000000	0.000000
11315	PARK7	4.000000	7.000000	0.000000	0.000000	0.000000
1269	CNR2	7.000000	8.500000	0.000000	1.000000	0.500000
55342	STRBP	1.000000	4.000000	0.000000	4.000000	0.000000
4049	LTA	18.000000	39.000000	0.000000	15.000000	0.000000
6722	SRF	8.000000	12.250000	0.750000	0.625000	0.000000
10519	CIB1	5.000000	10.500000	0.000000	0.000000	0.000000
6528	SLC5A5	105.000000	158.625000	7.000000	69.375000	4.500000
2187	FANCB	12.000000	22.500000	0.000000	2.000000	0.000000
2100	ESR2	17.000000	24.500000	7.250000	8.625000	0.000000
4782	NFIC	2.000000	4.500000	0.000000	4.500000	6.000000
3556	IL1RAP	10.000000	20.000000	0.000000	0.000000	0.000000
51306	FAM13B	9.000000	14.000000	0.250000	0.000000	0.000000
7301	TYRO3	3.000000	5.500000	0.000000	5.500000	0.000000
3553	IL1B	20.000000	45.000000	2.000000	8.250000	0.000000
8091	HMGA2	10.000000	21.250000	1.000000	3.375000	0.000000
406887	MIRLET7E	10.000000	14.500000	0.000000	0.000000	0.000000
727897	MUC5B	9.000000	11.000000	0.000000	0.000000	0.000000
27122	DKK3	9.000000	10.000000	0.000000	0.000000	0.000000
9071	CLDN10	4.000000	9.000000	0.000000	9.500000	0.000000
1946	EFNA5	42.000000	61.250000	4.500000	5.000000	0.000000
4140	MARK3	10.000000	17.000000	0.000000	19.125000	0.000000
3559	IL2RA	9.000000	16.000000	4.500000	8.250000	0.000000
3558	IL2	11.000000	20.500000	0.000000	14.000000	0.000000
7517	XRCC3	27.000000	44.000000	0.000000	25.000000	0.000000
7516	XRCC2	14.000000	32.000000	0.000000	32.000000	0.000000
7515	XRCC1	73.000000	116.500000	0.000000	67.500000	0.000000
338340	MMS	25.000000	46.750000	0.000000	12.750000	0.000000
10585	POMT1	29.000000	49.750000	0.000000	25.875000	0.000000
341	APOC1	8.000000	9.000000	0.000000	0.000000	0.000000
10587	TXNRD2	1.000000	4.000000	0.000000	4.000000	0.000000
3851	KRT4	17.000000	36.875000	2.000000	0.000000	0.000000
8900	CCNA1	3.000000	5.000000	0.000000	0.000000	0.000000
3858	KRT10	4.000000	9.625000	0.000000	7.000000	0.000000
7518	XRCC4	6.000000	6.500000	0.000000	0.000000	0.000000
11069	RAPGEF4	6.000000	5.000000	2.000000	0.000000	0.000000
11186	RASSF1	38.000000	50.500000	2.000000	6.000000	0.000000
55536	CDCA7L	4.000000	8.750000	2.500000	2.500000	0.000000
5747	PTK2	29.000000	49.500000	10.250000	9.500000	0.000000
2919	CXCL1	4.000000	9.500000	0.000000	0.500000	0.000000
1791	DNTT	5.000000	7.000000	2.000000	0.000000	2.000000
2852	GPER1	7.000000	7.000000	0.000000	7.000000	0.000000
54738	FEV	12.000000	14.500000	0.000000	14.500000	6.000000
54739	XAF1	12.000000	20.500000	0.000000	0.000000	0.000000
1490	CTGF	5.000000	16.000000	0.000000	0.000000	0.000000
7044	LEFTY2	7.000000	10.500000	0.000000	0.000000	0.000000
7047	TGM4	6.000000	9.000000	0.000000	9.000000	0.000000
7046	TGFBR1	8.000000	9.000000	0.000000	0.000000	0.000000
10202	DHRS2	6.000000	11.500000	0.000000	7.500000	0.000000
7040	TGFB1	73.000000	122.250000	3.000000	53.750000	8.000000
7043	TGFB3	11.000000	18.500000	0.000000	0.000000	0.000000
2072	ERCC4	9.000000	13.000000	0.000000	13.000000	0.000000
1499	CTNNB1	14.000000	27.625000	0.000000	2.125000	0.000000
7124	TNF	43.000000	75.000000	2.000000	13.250000	0.000000
7048	TGFBR2	13.000000	16.000000	0.000000	0.000000	0.000000
55907	CMAS	12.000000	10.500000	14.000000	0.500000	0.000000
5308	PITX2	3.000000	5.000000	0.000000	0.000000	0.000000
5266	PI3	14.000000	15.500000	0.000000	4.500000	0.000000
6794	STK11	9.000000	20.750000	0.000000	1.250000	0.000000
5264	PHYH	10.000000	19.250000	0.000000	0.750000	0.500000
2318	FLNC	4.000000	7.000000	0.000000	0.000000	0.000000
246744	STH	3.000000	4.500000	2.000000	6.000000	0.000000
6657	SOX2	20.000000	17.500000	23.500000	0.500000	0.000000
3990	LIPC	6.000000	14.250000	0.000000	8.000000	0.000000
9644	SH3PXD2A	1.000000	6.000000	0.000000	5.000000	0.000000
2315	MLANA	6.000000	8.500000	0.000000	0.000000	0.000000
3004	GZMM	2.000000	9.000000	0.000000	2.000000	0.000000
5268	SERPINB5	27.000000	28.500000	1.000000	4.500000	0.000000
3683	ITGAL	5.000000	13.750000	0.000000	4.250000	0.000000
4025	LPO	2.000000	5.000000	0.000000	5.000000	0.000000
574411	MIR451A	5.000000	11.000000	0.000000	0.000000	0.000000
5918	RARRES1	6.000000	12.000000	0.000000	12.000000	0.000000
406888	MIRLET7F1	11.000000	29.000000	0.000000	0.000000	0.000000
5915	RARB	7.000000	14.000000	0.500000	14.500000	0.000000
5914	RARA	9.000000	12.500000	0.500000	5.500000	0.000000
5917	RARS	2.000000	4.500000	0.500000	5.500000	0.000000
292	SLC25A5	3.000000	4.500000	2.000000	6.000000	0.000000
293	SLC25A6	6.000000	6.000000	0.000000	0.000000	0.500000
290	ANPEP	2.000000	4.500000	0.000000	0.000000	0.000000
1084	CEACAM3	14.000000	39.250000	0.000000	4.750000	8.250000
595	CCND1	166.000000	306.125000	13.000000	49.875000	1.500000
597	BCL2A1	7.000000	8.500000	0.000000	8.500000	0.000000
596	BCL2	122.000000	244.750000	9.750000	34.750000	2.000000
120227	CYP2R1	9.000000	15.000000	0.000000	15.000000	0.000000
598	BCL2L1	38.000000	73.500000	0.000000	20.000000	0.000000
8600	TNFSF11	14.000000	20.000000	0.000000	20.000000	0.000000
4322	MMP13	18.000000	21.500000	0.000000	0.000000	0.000000
4325	MMP16	15.000000	19.000000	0.000000	0.750000	0.000000
260330	ALPPP	19.000000	30.750000	0.000000	0.500000	0.000000
6387	CXCL12	22.000000	49.000000	0.000000	3.000000	0.000000
55835	CENPJ	70.000000	91.375000	7.750000	15.500000	4.500000
3145	HMBS	9.000000	13.500000	0.000000	13.500000	0.000000
3146	HMGB1	4.000000	11.250000	0.000000	0.000000	0.000000
6382	SDC1	6.000000	8.500000	0.000000	0.000000	0.000000
3673	ITGA2	5.000000	10.500000	0.000000	0.000000	0.000000
3570	IL6R	11.000000	4.000000	1.500000	2.750000	2.500000
2827	GPR3	4.000000	6.000000	0.000000	6.000000	0.000000
3676	ITGA4	3.000000	6.750000	0.000000	0.000000	0.000000
6194	RPS6	14.000000	12.000000	0.000000	0.500000	12.500000
3384	ICAM2	3.000000	7.250000	0.000000	5.500000	0.000000
3385	ICAM3	15.000000	22.500000	0.000000	0.000000	0.000000
3383	ICAM1	41.000000	67.500000	4.500000	12.250000	0.500000
6195	RPS6KA1	4.000000	9.000000	0.000000	0.000000	0.000000
5261	PHKG2	7.000000	10.250000	0.000000	0.000000	0.000000
2549	GAB1	8.000000	18.000000	0.000000	0.500000	1.000000
55729	ATF7IP	11.000000	14.500000	0.000000	14.500000	0.000000
3964	LGALS8	4.000000	4.000000	0.000000	2.000000	0.000000
7096	TLR1	26.000000	37.500000	0.000000	5.250000	0.000000
645740	NOS2P1	8.000000	5.500000	0.000000	5.500000	0.000000
80774	LIMD2	5.000000	11.000000	0.000000	0.000000	0.000000
1018	CDK3	4.000000	12.000000	0.000000	0.000000	0.000000
301	ANXA1	4.000000	7.000000	0.000000	0.000000	0.000000
1014	CDH16	5.000000	9.000000	0.000000	0.000000	0.000000
2263	FGFR2	2.000000	6.000000	0.000000	6.000000	0.000000
2260	FGFR1	9.000000	14.500000	0.000000	9.000000	0.000000
3108	HLA-DMA	9.000000	6.500000	0.000000	13.500000	0.000000
2264	FGFR4	3.000000	6.000000	0.000000	0.000000	0.000000
64170	CARD9	6.000000	12.000000	0.000000	12.000000	0.000000
10333	TLR6	6.000000	9.500000	0.000000	0.000000	0.000000
1236	CCR7	17.000000	30.000000	0.000000	2.750000	4.000000
64421	DCLRE1C	15.000000	22.500000	0.000000	0.000000	0.000000
1232	CCR3	9.000000	18.000000	0.000000	2.000000	0.000000
3589	IL11	10.000000	13.000000	0.000000	0.000000	0.000000
4194	MDM4	4.000000	8.000000	1.000000	0.000000	0.000000
4192	MDK	11.000000	14.500000	0.000000	0.500000	0.000000
4193	MDM2	41.000000	80.500000	2.000000	36.000000	0.000000
6932	TCF7	11.000000	15.500000	0.000000	0.000000	0.000000
3554	IL1R1	7.000000	13.500000	0.000000	0.000000	0.000000
442893	MIR151A	10.000000	14.500000	0.000000	0.000000	0.000000
442891	MIR135B	3.000000	6.500000	0.000000	0.000000	0.000000
7306	TYRP1	24.000000	44.000000	0.000000	22.500000	0.000000
196883	ADCY4	3.000000	10.000000	0.000000	10.000000	0.000000
107	ADCY1	4.000000	6.000000	0.000000	6.000000	0.000000
8288	EPX	3.000000	6.000000	0.000000	0.000000	0.000000
6271	S100A1	19.000000	32.875000	0.000000	0.500000	0.000000
6508	SLC4A3	20.000000	39.250000	0.000000	17.750000	0.000000
6275	S100A4	19.000000	39.000000	1.000000	16.375000	0.000000
11005	SPINK5	17.000000	24.500000	0.000000	7.250000	0.000000
4814	NINJ1	4.000000	11.250000	0.000000	0.000000	0.000000
6503	SLA	8.000000	14.500000	0.000000	0.000000	0.000000
31	ACACA	6.000000	7.500000	0.000000	0.000000	0.000000
909	CD1A	6.000000	11.750000	0.000000	10.000000	0.000000
1847	DUSP5	5.000000	8.000000	0.000000	0.000000	0.000000
1846	DUSP4	5.000000	9.000000	0.000000	0.000000	0.000000
2048	EPHB2	13.000000	18.000000	0.000000	0.000000	0.000000
94025	MUC16	8.000000	13.750000	1.000000	3.000000	2.000000
339256	NOS2P3	7.000000	8.500000	2.000000	4.000000	2.000000
5982	RFC2	4.000000	8.500000	0.000000	0.000000	0.000000
3091	HIF1A	31.000000	62.500000	1.000000	3.000000	1.000000
1513	CTSK	6.000000	8.500000	0.000000	8.500000	0.000000
3123	HLA-DRB1	13.000000	19.125000	0.000000	6.125000	0.000000
255743	NPNT	6.000000	12.000000	0.000000	0.000000	0.000000
1027	CDKN1B	71.000000	126.250000	2.750000	19.625000	0.000000
10631	POSTN	3.000000	5.250000	0.000000	1.750000	0.000000
79594	MUL1	6.000000	8.000000	0.000000	0.000000	0.000000
373156	GSTK1	20.000000	25.000000	0.000000	18.500000	0.000000
1493	CTLA4	7.000000	11.500000	0.000000	4.000000	0.000000
10142	AKAP9	4.000000	10.000000	0.000000	0.000000	0.000000
9734	HDAC9	4.000000	6.500000	0.000000	6.500000	0.000000
335	APOA1	4.000000	7.000000	0.000000	0.000000	0.000000
100508689	LOC100508689	28.000000	51.500000	0.000000	7.500000	0.000000
55717	WDR11	11.000000	12.000000	0.000000	2.000000	0.000000
53358	SHC3	5.000000	6.000000	0.000000	0.000000	1.000000
2619	GAS1	7.000000	10.000000	0.000000	0.000000	0.000000
5987	TRIM27	3.000000	12.000000	0.000000	2.000000	0.000000
3868	KRT16	4.000000	9.625000	0.000000	7.000000	0.000000
3124	HLA-DRB2	3.000000	4.500000	0.000000	0.000000	0.000000
2810	SFN	7.000000	19.000000	3.000000	19.500000	0.000000
10380	BPNT1	4.000000	6.500000	0.000000	6.500000	0.000000
1906	EDN1	13.000000	13.500000	0.000000	0.000000	0.000000
1633	DCK	4.000000	9.000000	0.000000	0.000000	3.000000
1026	CDKN1A	77.000000	129.750000	16.500000	40.500000	3.000000
5133	PDCD1	7.000000	12.500000	0.000000	0.000000	0.000000
5132	PDC	4.000000	5.625000	1.000000	2.125000	0.000000
3292	HSD17B1	5.000000	5.250000	0.000000	0.250000	0.000000
818	CAMK2G	8.000000	25.000000	0.000000	0.000000	0.000000
857	CAV1	47.000000	64.250000	7.250000	44.250000	0.000000
8945	BTRC	6.000000	8.000000	0.000000	0.000000	0.000000
407015	MIR26A1	6.000000	15.000000	0.000000	0.000000	0.000000
3458	IFNG	30.000000	70.500000	2.000000	1.000000	0.000000
858	CAV2	22.000000	25.500000	4.000000	18.000000	0.000000
859	CAV3	8.000000	12.000000	2.000000	0.000000	0.000000
100422910	MIR2861	5.000000	11.000000	0.000000	0.000000	0.000000
7412	VCAM1	3.000000	6.750000	0.000000	0.000000	0.000000
3855	KRT7	21.000000	38.375000	0.000000	31.250000	0.000000
2688	GH1	5.000000	4.500000	0.000000	4.500000	0.000000
3162	HMOX1	4.000000	6.000000	0.000000	0.000000	0.000000
28888	IGKV2D-18	6.000000	7.000000	0.000000	7.000000	0.000000
3852	KRT5	14.000000	48.125000	0.000000	16.125000	0.000000
3861	KRT14	3.000000	9.250000	0.000000	10.250000	0.000000
57379	AICDA	7.000000	8.500000	0.000000	0.000000	0.000000
3895	KTN1	2.000000	6.000000	0.000000	0.000000	0.000000
3860	KRT13	3.000000	9.250000	0.000000	10.250000	0.000000
3850	KRT3	18.000000	40.625000	0.000000	18.250000	0.000000
7039	TGFA	27.000000	33.875000	0.000000	1.625000	0.000000
7430	EZR	22.000000	36.500000	0.000000	0.000000	0.000000
7008	TEF	2.000000	6.000000	0.000000	6.000000	0.000000
10249	GLYAT	4.000000	9.000000	0.000000	0.000000	0.000000
84823	LMNB2	8.000000	14.500000	0.000000	1.000000	0.000000
6615	SNAI1	4.000000	12.000000	0.000000	0.000000	0.000000
1381	CRABP1	13.000000	24.500000	0.000000	0.000000	0.000000
7001	PRDX2	17.000000	37.500000	0.000000	0.000000	0.000000
220972	MARCH8	7.000000	12.500000	0.000000	0.000000	0.000000
10568	SLC34A2	20.000000	28.000000	0.000000	0.000000	0.000000
9021	SOCS3	3.000000	11.000000	0.000000	0.000000	0.000000
55783	CMTR2	3.000000	8.500000	0.000000	17.125000	0.000000
4536	ND2	3.000000	11.000000	0.000000	0.000000	0.000000
10841	FTCD	19.000000	39.500000	11.000000	31.000000	0.000000
3204	HOXA7	7.000000	10.250000	0.000000	0.000000	0.000000
841	CASP8	7.000000	9.000000	0.000000	0.000000	0.000000
4172	MCM3	10.000000	14.000000	0.000000	4.500000	0.000000
407006	MIR221	46.000000	91.250000	0.000000	12.000000	0.000000
6752	SSTR2	11.000000	15.000000	2.750000	10.500000	0.000000
6753	SSTR3	12.000000	18.500000	2.750000	19.000000	0.000000
6750	SST	72.000000	120.875000	8.250000	91.250000	15.750000
6751	SSTR1	16.000000	25.000000	2.750000	25.500000	0.000000
6756	SSX1	10.000000	11.500000	0.000000	0.000000	0.000000
6754	SSTR4	6.000000	4.500000	2.750000	5.000000	0.000000
6755	SSTR5	13.000000	14.500000	2.750000	15.000000	0.000000
5795	PTPRJ	9.000000	13.500000	0.000000	0.000000	0.000000
84376	HOOK3	4.000000	16.000000	0.000000	0.000000	0.000000
9060	PAPSS2	5.000000	11.000000	0.000000	0.000000	0.000000
100126299	VTRNA2-1	9.000000	4.000000	0.000000	0.000000	6.000000
574455	MIR193B	5.000000	11.000000	0.000000	0.000000	0.000000
4588	MUC6	14.000000	25.000000	0.000000	5.000000	0.000000
427	ASAH1	4.000000	15.000000	0.000000	15.000000	0.000000
170392	OIT3	3.000000	11.000000	0.000000	0.000000	0.000000
744	MPPED2	7.000000	13.500000	0.000000	0.000000	0.000000
3065	HDAC1	4.000000	5.000000	0.000000	0.000000	0.000000
2869	GRK5	7.000000	8.500000	0.000000	8.500000	0.000000
3630	INS	36.000000	45.000000	2.000000	28.250000	0.000000
30968	STOML2	13.000000	16.500000	0.000000	0.500000	0.000000
7175	TPR	8.000000	22.000000	0.000000	0.000000	0.000000
6890	TAP1	3.000000	11.000000	0.000000	0.000000	0.000000
7177	TPSAB1	3.000000	4.500000	0.000000	4.500000	0.000000
238	ALK	12.000000	20.000000	4.500000	0.000000	0.000000
7170	TPM3	17.000000	38.000000	0.000000	0.000000	0.000000
7173	TPO	168.000000	302.500000	1.250000	94.500000	4.750000
3064	HTT	5.000000	8.250000	0.000000	2.625000	0.000000
4613	MYCN	5.000000	11.000000	0.000000	0.000000	0.000000
2944	GSTM1	25.000000	33.750000	0.000000	20.000000	0.000000
57805	CCAR2	3.000000	6.000000	0.000000	0.000000	0.000000
2346	FOLH1	1.000000	4.000000	0.000000	4.000000	0.000000
7078	TIMP3	39.000000	57.500000	0.000000	3.500000	0.000000
1056	CEL	8.000000	7.500000	0.000000	7.500000	7.000000
2670	GFAP	6.000000	8.500000	0.000000	0.000000	0.000000
3342	HTC2	12.000000	17.500000	0.000000	17.000000	0.000000
7076	TIMP1	76.000000	133.000000	0.000000	14.125000	0.000000
7077	TIMP2	28.000000	50.750000	0.000000	3.375000	1.000000
257202	GPX6	11.000000	20.000000	0.000000	0.000000	0.000000
27349	MCAT	10.000000	16.000000	0.000000	6.500000	0.000000
5925	RB1	28.000000	75.125000	10.500000	26.250000	0.000000
5927	KDM5A	6.000000	8.500000	0.000000	0.000000	0.000000
5921	RASA1	534.000000	914.000000	75.000000	276.625000	43.000000
4881	NPR1	3.000000	8.250000	2.000000	16.250000	0.000000
51151	SLC45A2	2.000000	6.000000	0.000000	6.000000	0.000000
27342	RABGEF1	3.000000	12.000000	0.000000	0.500000	0.000000
54474	KRT20	36.000000	76.625000	4.250000	46.625000	4.000000
4311	MME	15.000000	23.750000	0.000000	5.500000	0.000000
4312	MMP1	20.000000	35.750000	0.000000	6.000000	0.000000
4313	MMP2	93.000000	166.250000	0.000000	5.125000	1.000000
4314	MMP3	3.000000	4.000000	0.000000	0.000000	0.000000
4316	MMP7	3.000000	7.250000	0.000000	0.000000	0.000000
4317	MMP8	4.000000	7.000000	0.000000	0.750000	0.000000
4318	MMP9	95.000000	164.625000	0.000000	13.875000	0.500000
613	BCR	3.000000	12.250000	0.000000	5.000000	0.000000
406930	MIR138-2	10.000000	14.500000	0.000000	0.000000	0.000000
57534	MIB1	29.000000	53.875000	1.000000	10.125000	0.000000
1277	COL1A1	5.000000	14.000000	0.000000	0.000000	0.000000
79917	MAGIX	7.000000	13.000000	0.000000	0.000000	0.000000
9536	PTGES	10.000000	19.625000	0.000000	0.000000	0.000000
5531	PPP4C	1.000000	4.000000	0.000000	0.000000	0.000000
4072	EPCAM	3.000000	6.000000	0.000000	0.000000	0.000000
4501	MT1X	13.000000	13.500000	0.000000	14.250000	0.000000
5536	PPP5C	3.000000	5.000000	0.000000	0.000000	0.000000
1889	ECE1	7.000000	17.000000	0.000000	0.000000	0.000000
3702	ITK	5.000000	4.500000	0.000000	0.000000	0.000000
3703	STT3A	10.000000	17.000000	0.000000	19.125000	0.000000
5538	PPT1	3.000000	9.000000	0.000000	0.000000	0.000000
8795	TNFRSF10B	10.000000	17.000000	0.000000	7.250000	0.000000
8796	SCEL	11.000000	14.500000	0.000000	0.500000	0.000000
50506	DUOX2	15.000000	40.500000	0.000000	7.000000	0.000000
5351	PLOD1	3.000000	6.000000	0.000000	6.000000	0.000000
948	CD36	4.000000	7.500000	0.000000	0.000000	0.000000
5460	POU5F1	24.000000	22.750000	14.500000	5.750000	5.000000
947	CD34	30.000000	60.000000	0.000000	8.000000	0.000000
80155	NAA15	7.000000	15.000000	2.500000	0.000000	0.000000
5714	PSMD8	4.000000	11.250000	0.000000	0.000000	0.000000
3113	HLA-DPA1	5.000000	14.000000	0.000000	0.000000	0.000000
943	TNFRSF8	17.000000	11.000000	6.000000	9.250000	8.500000
11162	NUDT6	14.000000	29.750000	0.000000	2.500000	0.000000
941	CD80	2.000000	6.000000	0.000000	2.000000	0.000000
23028	KDM1A	6.000000	8.500000	0.000000	0.000000	0.000000
7189	TRAF6	8.000000	19.000000	0.000000	2.000000	0.000000
53905	DUOX1	15.000000	40.500000	0.000000	7.000000	0.000000
64127	NOD2	6.000000	9.250000	0.000000	0.750000	0.500000
79718	TBL1XR1	3.000000	6.500000	0.000000	6.500000	0.000000
1474	CST6	19.000000	27.500000	0.000000	0.000000	0.000000
2597	GAPDH	35.000000	61.250000	0.000000	21.000000	0.000000
5465	PPARA	67.000000	91.000000	7.500000	84.375000	0.000000
2530	FUT8	3.000000	6.250000	7.000000	2.500000	0.000000
686	BTD	3.000000	10.000000	0.000000	0.125000	0.000000
8643	PTCH2	130.000000	302.500000	2.750000	9.875000	0.500000
7186	TRAF2	3.000000	8.500000	0.000000	2.000000	0.000000
1495	CTNNA1	9.000000	15.500000	0.000000	8.000000	0.000000
1305	COL13A1	4.000000	12.000000	0.000000	0.000000	0.000000
57447	NDRG2	5.000000	11.000000	0.000000	0.000000	0.000000
5170	PDPK1	15.000000	23.500000	0.000000	0.000000	0.000000
50488	MINK1	7.000000	8.000000	0.000000	0.500000	0.000000
2717	GLA	3.000000	8.500000	0.000000	0.000000	0.000000
5175	PECAM1	18.000000	37.750000	0.000000	6.000000	0.000000
4261	CIITA	3.000000	11.000000	0.000000	0.000000	0.000000
7070	THY1	5.000000	11.000000	0.000000	0.000000	0.000000
797	CALCB	2.000000	9.000000	8.500000	0.250000	0.000000
2719	GPC3	10.000000	4.500000	2.000000	8.500000	0.000000
916	CD3E	7.000000	11.500000	0.000000	4.000000	0.000000
406984	MIR200B	4.000000	12.000000	0.000000	12.000000	0.000000
64065	PERP	5.000000	8.750000	0.000000	8.500000	0.000000
3417	IDH1	11.000000	11.000000	0.000000	0.000000	0.000000
27040	LAT	4.000000	7.000000	0.000000	1.750000	0.000000
5079	PAX5	2.000000	8.000000	0.000000	0.000000	0.000000
9168	TMSB10	6.000000	13.000000	2.000000	2.000000	0.000000
22934	RPIA	9.000000	19.000000	0.000000	0.000000	4.000000
135	ADORA2A	4.000000	7.500000	0.000000	6.500000	0.000000
5468	PPARG	113.000000	200.125000	11.250000	170.625000	2.000000
23598	PATZ1	4.000000	9.125000	2.500000	9.125000	0.000000
10342	TFG	10.000000	33.000000	0.000000	0.000000	0.000000
51478	HSD17B7	5.000000	5.250000	0.000000	0.250000	0.000000
7381	UQCRB	16.000000	22.500000	0.000000	0.500000	0.000000
4221	MEN1	5.000000	13.000000	0.000000	0.000000	0.000000
5075	PAX1	9.000000	9.500000	0.000000	0.000000	0.000000
25	ABL1	11.000000	17.500000	0.000000	5.000000	0.000000
27	ABL2	17.000000	34.500000	0.000000	13.000000	0.000000
7450	VWF	2.000000	8.000000	0.000000	0.000000	0.000000
51573	GDE1	5.000000	10.500000	0.000000	0.000000	0.000000
284	ANGPT1	34.000000	33.000000	2.500000	3.500000	2.500000
3791	KDR	23.000000	23.000000	0.000000	14.500000	8.500000
6474	SHOX2	7.000000	10.250000	0.000000	0.000000	0.000000
7694	ZNF135	2.000000	6.000000	0.000000	6.000000	0.000000
939	CD27	7.000000	12.500000	0.000000	0.000000	0.000000
4982	TNFRSF11B	12.000000	22.500000	0.000000	22.500000	0.000000
9564	BCAR1	2.000000	6.000000	0.000000	0.000000	0.000000
9567	GTPBP1	6.000000	9.000000	0.000000	0.500000	0.000000
9568	GABBR2	5.000000	11.000000	0.000000	0.000000	0.000000
6241	RRM2	2.000000	4.500000	0.500000	5.500000	0.000000
6242	RTKN	4.000000	9.250000	0.000000	0.250000	0.000000
930	CD19	14.000000	24.500000	0.000000	13.500000	0.000000
2158	F9	9.000000	11.500000	0.000000	0.000000	0.000000
2010	EMD	29.000000	44.000000	0.000000	5.250000	0.000000
2012	EMP1	5.000000	13.500000	0.000000	0.000000	0.000000
5591	PRKDC	6.000000	6.500000	0.000000	0.000000	0.000000
10524	KAT5	19.000000	31.000000	7.250000	7.000000	0.000000
3939	LDHA	9.000000	19.500000	0.000000	5.500000	0.000000
10767	HBS1L	6.000000	8.500000	0.000000	1.625000	0.000000
5387	PMS2P3	4.000000	8.500000	0.000000	0.000000	0.000000
84632	AFAP1L2	6.000000	11.000000	0.000000	0.000000	0.000000
693198	MIR613	5.000000	10.500000	0.000000	0.000000	0.000000
54205	CYCS	16.000000	22.000000	7.250000	0.250000	0.000000
10282	BET1	6.000000	8.750000	0.000000	0.000000	0.000000
5265	SERPINA1	31.000000	47.000000	0.000000	0.000000	0.000000
5241	PGR	27.000000	57.250000	0.000000	20.875000	0.000000
10885	WDR3	2.000000	4.000000	0.000000	4.000000	0.000000
83943	IMMP2L	6.000000	12.000000	0.000000	12.000000	0.000000
1956	EGFR	190.000000	278.750000	18.250000	88.875000	6.500000
1950	EGF	88.000000	144.125000	9.000000	72.375000	7.000000
4036	LRP2	5.000000	9.500000	0.000000	0.000000	0.000000
6717	SRI	6.000000	4.500000	2.750000	5.000000	0.000000
6714	SRC	55.000000	78.500000	7.500000	0.000000	0.000000
6715	SRD5A1	3.000000	6.000000	0.000000	6.000000	0.000000
4846	NOS3	20.000000	27.000000	0.000000	5.500000	0.000000
23373	CRTC1	8.000000	4.500000	0.000000	4.500000	4.500000
51278	IER5	8.000000	11.500000	0.000000	0.500000	0.000000
4435	CITED1	87.000000	148.500000	2.000000	34.625000	0.000000
6762	ST3	8.000000	23.000000	0.000000	20.750000	0.000000
6646	SOAT1	20.000000	41.000000	0.000000	0.000000	0.000000
7251	TSG101	5.000000	10.000000	0.000000	0.000000	0.000000
7252	TSHB	595.000000	1175.375000	11.875000	881.250000	6.750000
7253	TSHR	324.000000	570.375000	6.500000	323.000000	8.375000
100124696	TEC	15.000000	22.500000	0.000000	0.000000	0.000000
3569	IL6	52.000000	82.500000	16.000000	40.250000	2.500000
80725	SRCIN1	10.000000	13.000000	0.000000	0.000000	0.000000
5300	PIN1	8.000000	12.500000	0.000000	0.500000	1.500000
5078	PAX4	6.000000	7.000000	2.000000	4.000000	0.000000
4436	MSH2	8.000000	11.000000	0.000000	0.000000	0.000000
55450	CAMK2N1	5.000000	11.000000	0.000000	0.000000	0.000000
4842	NOS1	8.000000	5.500000	0.000000	5.500000	0.000000
54922	RASIP1	4.000000	6.000000	0.000000	6.000000	0.500000
5698	PSMB9	3.000000	11.000000	0.000000	0.000000	0.000000
374	AREG	4.000000	5.000000	0.000000	0.000000	0.000000
7857	SCG2	5.000000	11.500000	0.000000	0.500000	0.000000
6855	SYP	5.000000	11.500000	0.000000	0.500000	0.000000
84525	HOPX	10.000000	14.500000	0.000000	6.500000	0.000000
6606	SMN1	1.000000	4.500000	0.000000	0.000000	0.000000
147	ADRA1B	1.000000	4.250000	4.500000	4.250000	0.000000
4583	MUC2	12.000000	31.500000	0.000000	5.000000	0.000000
22797	TFEC	3.000000	7.000000	0.000000	1.000000	0.000000
94234	FOXQ1	3.000000	11.000000	0.000000	0.000000	0.000000
8161	COIL	5.000000	12.500000	0.000000	0.000000	0.000000
7031	TFF1	5.000000	4.000000	0.000000	4.000000	3.000000
7033	TFF3	15.000000	19.000000	0.000000	16.750000	0.000000
3308	HSPA4	12.000000	26.000000	0.000000	0.000000	0.000000
7037	TFRC	6.000000	5.250000	0.250000	2.250000	0.000000
7038	TG	2775.000000	5471.000000	89.500000	3619.375000	118.375000
406938	MIR146A	21.000000	45.500000	0.000000	15.000000	0.000000
7133	TNFRSF1B	2.000000	6.000000	0.000000	0.000000	0.000000
407040	MIR34A	7.000000	10.000000	0.000000	0.000000	0.000000
87	ACTN1	29.000000	41.000000	4.500000	9.250000	4.000000
2309	FOXO3	15.000000	25.000000	0.000000	0.500000	0.000000
796	CALCA	210.000000	319.000000	21.000000	98.125000	171.125000
794	CALB2	11.000000	12.500000	0.000000	0.000000	0.000000
4041	LRP5	38.000000	89.750000	0.000000	31.500000	0.000000
6787	NEK4	4.000000	10.000000	0.500000	0.875000	0.000000
4043	LRPAP1	3.000000	6.000000	0.000000	0.000000	0.000000
6662	SOX9	12.000000	10.500000	14.000000	0.500000	0.000000
6788	STK3	6.000000	10.000000	0.000000	0.500000	0.000000
81501	DCSTAMP	14.000000	16.000000	0.000000	0.000000	0.000000
2305	FOXM1	11.000000	12.000000	0.000000	0.000000	0.000000
6667	SP1	5.000000	12.500000	0.000000	4.500000	6.000000
5315	PKM	9.000000	9.500000	0.000000	0.000000	0.000000
8805	TRIM24	5.000000	14.000000	0.000000	0.000000	0.000000
7276	TTR	4.000000	7.000000	0.000000	0.000000	0.000000
8802	SUCLG1	7.000000	6.500000	0.000000	0.500000	0.000000
11281	POU6F2	4.000000	11.500000	0.000000	0.000000	0.000000
3429	IFI27	4.000000	5.625000	0.000000	0.000000	0.000000
120892	LRRK2	2.000000	4.500000	0.000000	0.000000	0.000000
3661	IRF3	9.000000	6.500000	0.000000	13.500000	0.000000
412	STS	3.000000	5.000000	0.000000	0.000000	0.000000
581	BAX	36.000000	62.500000	7.250000	12.500000	0.000000
6916	TBXAS1	9.000000	13.250000	0.000000	0.000000	0.000000
8205	TAM	6.000000	9.000000	0.000000	0.000000	0.000000
6521	SLC4A1	21.000000	35.250000	0.000000	16.750000	0.000000
196463	PLBD2	3.000000	6.500000	0.000000	0.000000	0.000000
240	ALOX5	7.000000	12.500000	0.000000	0.000000	0.000000
339390	CLEC4G	17.000000	27.500000	0.750000	1.750000	0.500000
2837	UTS2R	10.000000	10.000000	0.000000	0.500000	0.000000
11082	ESM1	4.000000	12.000000	0.000000	0.000000	0.000000
4920	ROR2	12.000000	29.500000	0.000000	0.000000	0.000000
2887	GRB10	6.000000	4.500000	0.000000	5.250000	0.000000
1437	CSF2	9.000000	14.000000	2.000000	0.000000	1.000000
2277	FIGF	80.000000	128.250000	0.000000	19.500000	0.000000
1432	MAPK14	8.000000	15.000000	0.000000	0.000000	0.000000
3397	ID1	9.000000	12.500000	0.000000	0.250000	0.000000
2272	FHIT	18.000000	37.000000	1.000000	27.500000	0.000000
6257	RXRB	2.000000	4.500000	0.500000	5.500000	0.000000
407035	MIR31	10.000000	14.500000	0.000000	0.000000	0.000000
3014	H2AFX	2.000000	4.500000	0.000000	4.500000	0.000000
2065	ERBB3	17.000000	25.750000	0.000000	7.000000	0.000000
9761	MLEC	6.000000	12.000000	0.000000	0.000000	0.000000
2066	ERBB4	17.000000	25.750000	0.000000	7.000000	0.000000
29842	TFCP2L1	14.000000	16.000000	0.000000	0.000000	0.000000
3590	IL11RA	10.000000	13.000000	0.000000	0.000000	0.000000
4798	NFRKB	6.000000	7.500000	0.000000	0.000000	0.000000
1004	CDH6	3.000000	11.000000	0.000000	0.000000	0.000000
1002	CDH4	10.000000	16.500000	0.000000	0.000000	0.000000
27319	BHLHE22	12.000000	15.250000	0.000000	7.000000	0.000000
9249	DHRS3	13.000000	26.000000	0.000000	0.000000	0.000000
406966	MIR191	6.000000	8.500000	0.500000	15.250000	0.000000
10205	MPZL2	9.000000	10.500000	0.000000	0.250000	1.000000
8502	PKP4	26.000000	46.000000	10.000000	10.000000	0.000000
3596	IL13	3.000000	6.500000	0.000000	0.000000	0.000000
23552	CDK20	3.000000	12.000000	0.000000	0.500000	0.000000
30012	TLX3	7.000000	10.250000	0.000000	0.000000	0.000000
5037	PEBP1	4.000000	13.000000	0.000000	0.000000	0.000000
5034	P4HB	3.000000	4.250000	0.000000	4.500000	0.000000
10656	KHDRBS3	9.000000	6.500000	0.750000	2.500000	0.000000
3219	HOXB9	7.000000	13.000000	0.000000	0.000000	0.000000
7852	CXCR4	67.000000	117.000000	14.000000	16.500000	0.000000
1874	E2F4	5.000000	6.000000	5.000000	0.000000	0.000000
23089	PEG10	2.000000	4.500000	0.000000	4.500000	0.000000
6928	HNF1B	11.000000	16.875000	0.000000	2.125000	0.000000
177	AGER	3.000000	6.750000	0.000000	0.000000	0.000000
6927	HNF1A	4.000000	6.875000	0.000000	0.125000	0.000000
9875	URB1	4.000000	9.500000	0.000000	0.000000	0.000000
7916	PRRC2A	12.000000	10.500000	14.000000	0.500000	0.000000
23085	ERC1	21.000000	53.500000	0.000000	0.000000	0.000000
2051	EPHB6	7.000000	10.000000	0.000000	2.000000	0.000000
2050	EPHB4	8.000000	21.000000	0.000000	7.000000	0.000000
7498	XDH	2.000000	5.000000	0.000000	0.000000	0.000000
974	CD79B	4.000000	7.500000	0.000000	0.000000	0.000000
972	CD74	12.000000	13.000000	0.000000	13.500000	0.000000
2057	EPOR	7.000000	10.500000	0.000000	0.000000	0.000000
2056	EPO	7.000000	10.500000	0.000000	0.000000	0.000000
2059	EPS8	11.000000	12.500000	0.000000	0.000000	0.000000
6285	S100B	9.000000	19.375000	0.000000	3.375000	0.000000
6286	S100P	2.000000	9.000000	8.500000	0.250000	0.000000
2889	RAPGEF1	3.000000	12.000000	0.000000	0.500000	0.000000
654	BMP6	10.000000	4.500000	2.000000	8.500000	0.000000
6282	S100A11	21.000000	35.125000	0.500000	5.000000	0.000000
6598	SMARCB1	3.000000	8.000000	4.500000	0.500000	0.000000
1500	CTNND1	2.000000	6.000000	0.000000	0.000000	0.000000
26136	TES	4.000000	9.500000	0.000000	0.000000	0.000000
6046	BRD2	6.000000	14.000000	0.000000	14.000000	0.000000
6335	SCN9A	2.000000	5.000000	0.000000	5.000000	0.000000
650	BMP2	1.000000	8.000000	0.000000	0.000000	0.000000
651	BMP3	14.000000	24.000000	0.000000	0.000000	0.000000
6363	CCL19	3.000000	6.500000	0.000000	0.000000	0.000000
3084	NRG1	12.000000	20.750000	0.000000	12.000000	0.000000
1508	CTSB	13.000000	20.000000	0.000000	1.000000	0.500000
1509	CTSD	7.000000	7.000000	0.000000	7.000000	0.000000
4323	MMP14	4.000000	7.000000	0.000000	0.750000	0.000000
2939	GSTA2	9.000000	12.000000	0.000000	12.000000	0.000000
6364	CCL20	12.000000	25.750000	0.000000	6.500000	0.000000
10401	PIAS3	12.000000	23.500000	0.000000	0.000000	0.000000
196	AHR	5.000000	14.000000	0.000000	0.000000	0.000000
10404	CPQ	3.000000	7.000000	0.000000	7.000000	0.000000
8370	HIST2H4A	17.000000	36.000000	0.000000	2.000000	0.500000
9332	CD163	9.000000	12.000000	0.000000	0.000000	0.000000
780915	CHNG3	12.000000	23.000000	0.000000	23.000000	0.000000
3872	KRT17	7.000000	23.875000	0.000000	12.875000	0.000000
2629	GBA	4.000000	9.500000	0.000000	0.000000	0.000000
3875	KRT18	1.000000	7.750000	0.000000	5.875000	0.000000
5890	RAD51B	5.000000	11.000000	0.000000	11.000000	0.000000
154141	MBOAT1	7.000000	10.500000	0.000000	10.500000	0.000000
5108	PCM1	5.000000	12.500000	0.000000	0.000000	0.000000
5893	RAD52	10.000000	16.500000	0.000000	10.000000	0.000000
5894	RAF1	24.000000	55.500000	6.375000	9.875000	0.000000
5896	RAG1	7.000000	8.500000	0.000000	0.000000	0.000000
5897	RAG2	7.000000	8.500000	0.000000	0.000000	0.000000
10399	GNB2L1	5.000000	9.125000	0.125000	0.125000	0.000000
9588	PRDX6	4.000000	6.500000	0.000000	1.250000	0.000000
3283	HSD3B1	9.000000	19.500000	0.000000	10.500000	0.000000
8470	SORBS2	5.000000	11.000000	0.000000	0.000000	0.000000
9232	PTTG1	19.000000	31.000000	0.000000	11.000000	0.000000
10014	HDAC5	5.000000	11.500000	0.000000	0.000000	0.000000
6403	SELP	10.000000	15.000000	0.000000	0.000000	0.000000
12	SERPINA3	10.000000	14.000000	0.000000	0.000000	0.000000
3880	KRT19	353.000000	662.250000	1.500000	147.875000	0.000000
54802	TRIT1	3.000000	8.000000	0.000000	8.000000	0.000000
19	ABCA1	17.000000	41.000000	0.000000	20.000000	0.000000
860	RUNX2	14.000000	29.250000	0.000000	0.500000	0.000000
5715	PSMD9	14.000000	33.000000	0.000000	2.500000	0.000000
406991	MIR21	7.000000	12.500000	0.000000	0.000000	0.000000
3440	IFNA2	6.000000	15.000000	0.000000	15.000000	0.000000
6366	CCL21	11.000000	18.500000	0.000000	0.750000	4.000000
2026	ENO2	37.000000	92.625000	8.500000	7.875000	14.500000
28776	IGLV7-43	6.000000	8.500000	0.000000	0.000000	0.000000
2752	GLUL	4.000000	14.000000	0.000000	14.000000	0.000000
25913	POT1	3.000000	7.000000	0.000000	0.000000	0.000000
10499	NCOA2	7.000000	6.500000	0.000000	0.500000	0.000000
2697	GJA1	5.000000	6.750000	0.000000	0.000000	0.000000
3082	HGF	57.000000	118.125000	2.500000	20.125000	2.000000
10493	VAT1	5.000000	9.000000	0.000000	0.000000	0.000000
4914	NTRK1	229.000000	421.625000	15.500000	40.125000	21.500000
1365	CLDN3	4.000000	8.500000	0.000000	0.000000	0.000000
6510	SLC1A5	3.000000	4.500000	0.000000	4.500000	0.000000
942	CD86	11.000000	13.500000	0.000000	9.500000	0.000000
816	CAMK2B	6.000000	17.250000	0.000000	10.250000	0.000000
6745	SSR1	5.000000	11.000000	0.000000	0.000000	0.000000
4760	NEUROD1	12.000000	15.250000	0.000000	7.000000	0.000000
4763	NF1	5.000000	15.500000	0.000000	4.500000	6.000000
121391	KRT74	1.000000	4.000000	0.000000	0.000000	0.000000
5213	PFKM	10.000000	11.500000	0.000000	0.000000	0.000000
6621	SNAPC4	6.000000	12.000000	0.000000	12.000000	0.000000
51455	REV1	7.000000	9.000000	0.000000	0.000000	0.000000
3233	HOXD4	6.000000	7.000000	0.000000	7.000000	0.000000
51715	RAB23	9.000000	6.500000	0.000000	13.500000	0.000000
11249	NXPH2	1.000000	4.000000	0.000000	4.000000	0.000000
389434	IYD	7.000000	8.000000	0.000000	0.000000	0.000000
4000	LMNA	11.000000	15.000000	0.000000	3.000000	0.000000
4001	LMNB1	8.000000	10.500000	0.000000	3.000000	0.000000
1612	DAPK1	15.000000	22.000000	0.000000	1.500000	0.000000
1613	DAPK3	6.000000	7.000000	0.000000	1.000000	0.000000
7123	CLEC3B	9.000000	25.000000	0.000000	5.000000	0.000000
6038	RNASE4	4.000000	5.000000	9.250000	4.000000	0.000000
80310	PDGFD	5.000000	10.000000	0.000000	0.000000	0.000000
324	APC	79.000000	143.000000	0.000000	1.250000	0.000000
5569	PKIA	4.000000	9.750000	0.000000	0.250000	0.000000
328	APEX1	7.000000	9.500000	0.000000	9.500000	0.000000
329	BIRC2	4.000000	10.000000	0.000000	10.000000	0.000000
220064	ORAOV1	5.000000	11.500000	0.000000	0.000000	0.000000
9950	GOLGA5	13.000000	19.250000	0.000000	0.500000	0.000000
203	AK1	5.000000	11.000000	0.000000	0.000000	0.000000
8771	TNFRSF6B	7.000000	15.500000	0.000000	0.000000	0.000000
10178	TENM1	15.000000	21.625000	0.000000	0.500000	0.000000
2876	GPX1	4.000000	5.000000	0.000000	2.750000	0.000000
207	AKT1	252.000000	371.375000	23.875000	93.500000	11.500000
29952	DPP7	10.000000	16.000000	0.500000	1.000000	0.000000
3627	CXCL10	10.000000	27.500000	0.000000	1.500000	0.000000
3626	INHBC	9.000000	11.750000	11.500000	0.250000	0.000000
7100	TLR5	3.000000	6.750000	0.000000	0.000000	0.000000
81793	TLR10	6.000000	9.500000	0.000000	0.000000	0.000000
57110	HRASLS	6.000000	8.500000	0.000000	8.000000	0.000000
4320	MMP11	17.000000	31.750000	0.000000	0.250000	1.000000
3813	KIR3DS1	6.000000	4.500000	2.750000	5.000000	0.000000
10970	CKAP4	4.000000	8.000000	0.000000	0.000000	0.000000
5362	PLXNA2	3.000000	4.000000	0.000000	4.000000	0.000000
80781	COL18A1	3.000000	5.000000	0.000000	5.000000	0.000000
2335	FN1	113.000000	191.250000	7.500000	21.250000	0.500000
1045	CDX2	13.000000	31.000000	0.000000	0.250000	0.000000
7068	THRB	15.000000	24.000000	0.000000	11.500000	0.000000
7067	THRA	8.000000	11.500000	0.000000	11.500000	0.000000
160728	SLC5A8	17.000000	27.000000	0.000000	1.500000	0.000000
7063	THM	8.000000	11.500000	0.000000	7.000000	0.000000
5892	RAD51D	5.000000	11.000000	0.000000	0.000000	0.000000
26268	FBXO9	5.000000	9.000000	0.000000	0.000000	0.000000
79158	GNPTAB	14.000000	17.000000	0.000000	0.000000	0.000000
5933	RBL1	3.000000	6.000000	5.750000	3.125000	0.000000
29778	MAP2K1P1	16.000000	27.500000	0.000000	17.500000	0.000000
27352	SGSM3	19.000000	24.000000	3.500000	0.500000	0.000000
54361	WNT4	25.000000	47.750000	0.000000	2.625000	0.000000
682	BSG	10.000000	22.750000	16.750000	22.750000	0.000000
10630	PDPN	11.000000	21.500000	0.000000	12.000000	0.000000
4288	MKI67	110.000000	228.375000	40.500000	39.750000	0.000000
54360	CYTL1	5.000000	14.000000	0.000000	0.000000	0.000000
216	ALDH1A1	12.000000	10.500000	14.000000	0.500000	0.000000
3717	JAK2	15.000000	34.500000	0.000000	0.000000	0.000000
3716	JAK1	7.000000	4.000000	0.000000	0.000000	4.000000
6965	TRG	7.000000	12.500000	0.000000	0.000000	0.000000
3713	IVL	3.000000	9.250000	0.000000	10.250000	0.000000
66008	TRAK2	6.000000	13.000000	2.000000	2.000000	0.000000
57522	SRGAP1	5.000000	10.500000	0.000000	0.000000	0.000000
8626	TP63	92.000000	180.000000	7.625000	47.375000	3.250000
406920	MIR130B	10.000000	14.500000	0.000000	0.000000	0.000000
9476	NAPSA	3.000000	5.500000	0.000000	0.000000	0.000000
3491	CYR61	5.000000	14.000000	0.000000	0.000000	0.000000
594857	NPS	3.000000	8.500000	0.000000	0.000000	0.000000
4478	MSN	16.000000	28.000000	0.000000	0.000000	0.000000
7018	TF	15.000000	21.250000	0.250000	2.750000	0.000000
57446	NDRG3	5.000000	11.000000	0.000000	0.000000	0.000000
11054	OGFR	8.000000	6.000000	13.000000	0.500000	0.000000
3659	IRF1	3.000000	11.000000	0.000000	0.000000	0.000000
3654	IRAK1	5.000000	10.500000	0.000000	0.000000	0.000000
2099	ESR1	43.000000	74.875000	7.250000	15.875000	7.625000
29984	RHOD	2.000000	5.000000	0.000000	0.000000	0.000000
1301	COL11A1	9.000000	15.500000	0.000000	0.000000	0.000000
2526	FUT4	35.000000	77.250000	8.625000	5.125000	0.000000
2521	FUS	6.000000	9.500000	0.000000	0.000000	0.000000
1543	CYP1A1	5.000000	5.750000	0.000000	5.500000	0.000000
2523	FUT1	8.000000	15.000000	0.000000	0.000000	0.000000
200186	CRTC2	8.000000	4.500000	0.000000	4.500000	4.500000
4900	NRGN	1.000000	4.000000	0.000000	4.000000	0.000000
80142	PTGES2	6.000000	10.500000	0.000000	0.000000	0.000000
3121	HLA-DQB3	10.000000	13.500000	0.000000	0.000000	0.000000
3126	HLA-DRB4	15.000000	22.500000	0.000000	0.000000	0.000000
4907	NT5E	1.000000	4.000000	0.000000	0.000000	0.000000
26277	TINF2	3.000000	7.000000	0.000000	0.000000	0.000000
8712	PAGE1	4.000000	12.000000	0.000000	0.000000	0.000000
5104	SERPINA5	5.000000	9.000000	0.000000	0.000000	0.000000
331	XIAP	30.000000	55.000000	0.000000	10.000000	0.000000
8718	TNFRSF25	3.000000	5.625000	0.000000	6.125000	0.000000
29113	C6orf15	39.000000	90.000000	0.500000	49.250000	0.000000
2247	FGF2	23.000000	51.750000	0.000000	11.500000	0.000000
7200	TRH	27.000000	57.000000	0.000000	41.000000	0.000000
2242	FES	5.000000	10.500000	0.000000	0.000000	0.000000
29115	SAP30BP	8.000000	17.000000	0.000000	17.000000	0.000000
4888	NPY6R	10.000000	11.500000	0.000000	0.000000	0.000000
1080	CFTR	9.000000	15.500000	0.000000	0.000000	0.000000
1311	COMP	14.000000	16.000000	0.000000	0.000000	0.000000
10058	ABCB6	26.000000	42.625000	14.000000	0.500000	0.000000
100302234	MIR664	5.000000	11.000000	0.000000	0.000000	0.000000
9370	ADIPOQ	2.000000	4.500000	0.000000	4.500000	0.000000
369	ARAF	13.000000	33.500000	0.000000	0.000000	0.000000
999	CDH1	177.000000	327.375000	27.250000	76.000000	0.500000
998	CDC42	11.000000	22.000000	0.000000	0.000000	0.000000
10050	SLC17A4	6.000000	12.000000	0.000000	0.000000	0.000000
5243	ABCB1	5.000000	10.000000	0.000000	10.000000	0.000000
10397	NDRG1	5.000000	11.000000	0.000000	0.000000	0.000000
6401	SELE	3.000000	4.500000	0.000000	0.000000	0.000000
6443	SGCB	4.000000	10.250000	4.625000	14.375000	0.000000
22924	MAPRE3	8.000000	9.500000	0.000000	0.500000	0.000000
1021	CDK6	6.000000	8.500000	0.500000	15.250000	0.000000
406954	MIR181A2	8.000000	15.500000	0.000000	10.500000	0.000000
4233	MET	192.000000	328.875000	21.250000	48.375000	2.750000
1401	CRP	5.000000	13.000000	0.000000	13.000000	0.000000
8024	RDPA	2.000000	6.000000	0.000000	6.000000	0.000000
9170	LPAR2	6.000000	8.500000	0.000000	8.000000	0.000000
53827	FXYD5	3.000000	8.000000	0.000000	0.000000	0.000000
2304	FOXE1	83.000000	150.750000	0.000000	41.000000	0.000000
5595	MAPK3	127.000000	195.000000	23.000000	5.250000	4.000000
5594	MAPK1	400.000000	657.750000	18.500000	85.625000	28.500000
5597	MAPK6	54.000000	99.375000	0.125000	12.625000	0.000000
5596	MAPK4	64.000000	104.125000	22.125000	12.875000	0.500000
5599	MAPK8	49.000000	90.750000	4.500000	10.125000	3.000000
7448	VTN	6.000000	8.500000	0.500000	15.250000	0.000000
54842	MFSD6	3.000000	10.000000	0.000000	0.000000	0.000000
7086	TKT	61.000000	173.000000	0.000000	16.000000	11.000000
79870	BAALC	4.000000	12.000000	0.000000	0.000000	0.000000
5617	PRL	3.000000	4.500000	0.000000	0.000000	0.000000
2147	F2	16.000000	20.000000	0.500000	13.500000	0.000000
929	CD14	11.000000	18.000000	0.000000	13.500000	0.000000
64386	MMP25	4.000000	5.000000	0.000000	0.000000	0.000000
6258	RXRG	7.000000	8.000000	0.000000	0.000000	0.000000
282808	RAB40AL	10.000000	16.500000	0.000000	1.000000	0.000000
134637	ADAT2	3.000000	8.250000	2.000000	16.250000	0.000000
50818	DYT10	3.000000	10.000000	0.000000	10.000000	0.000000
920	CD4	49.000000	79.750000	4.500000	33.000000	0.000000
1385	CREB1	14.000000	23.000000	0.000000	0.000000	0.000000
2064	ERBB2	95.000000	146.750000	0.250000	56.750000	0.250000
925	CD8A	39.000000	60.750000	4.500000	33.000000	0.000000
85413	SLC22A16	2.000000	6.000000	0.000000	6.000000	0.000000
2067	ERCC1	9.000000	13.000000	0.000000	13.000000	0.000000
3827	KNG1	3.000000	9.250000	0.000000	10.250000	0.000000
3949	LDLR	4.000000	9.500000	0.000000	9.500000	0.000000
10533	ATG7	7.000000	6.000000	7.000000	0.000000	0.000000
10534	SSSCA1	44.000000	93.500000	2.750000	18.500000	0.000000
5396	PRRX1	10.000000	14.500000	0.000000	0.000000	0.000000
5002	SLC22A18	7.000000	20.000000	0.000000	1.000000	0.000000
23468	CBX5	5.000000	14.000000	0.000000	0.000000	0.000000
311	ANXA11	5.000000	9.500000	0.000000	0.000000	0.000000
134	ADORA1	5.000000	9.000000	0.000000	0.000000	0.000000
317	APAF1	6.000000	12.250000	16.750000	12.250000	0.000000
3945	LDHB	4.000000	7.000000	0.000000	0.000000	0.000000
864	RUNX3	23.000000	34.000000	0.000000	0.000000	0.000000
11200	CHEK2	3.000000	5.000000	0.000000	0.000000	0.000000
28804	IGLV3-9	10.000000	17.000000	0.000000	0.000000	0.000000
921	CD5	6.000000	13.000000	0.000000	0.000000	0.000000
10121	ACTR1A	10.000000	14.000000	0.000000	0.000000	0.000000
27241	BBS9	16.000000	17.000000	1.500000	1.000000	0.500000
5157	PDGFRL	9.000000	23.500000	0.000000	2.500000	0.000000
2658	GDF2	7.000000	13.500000	0.000000	0.000000	0.000000
51645	PPIL1	8.000000	12.500000	0.000000	0.500000	1.500000
836	CASP3	43.000000	72.000000	13.375000	11.000000	0.000000
3586	IL10	9.000000	18.000000	0.000000	0.000000	0.000000
835	CASP2	12.000000	18.000000	0.000000	0.000000	0.000000
3575	IL7R	3.000000	6.500000	0.000000	0.000000	0.000000
5091	PC	6.000000	15.000000	0.500000	5.875000	0.000000
157506	RDH10	2.000000	4.500000	0.500000	5.500000	0.000000
407056	MIR99B	8.000000	15.500000	0.000000	10.500000	0.000000
3479	IGF1	54.000000	67.250000	0.000000	43.000000	0.000000
4125	MAN2B1	4.000000	4.000000	0.000000	4.500000	0.000000
8883	NAE1	28.000000	50.250000	0.000000	8.750000	0.000000
4214	MAP3K1	107.000000	172.750000	8.000000	34.000000	11.500000
65009	NDRG4	5.000000	11.000000	0.000000	0.000000	0.000000
4495	MT1G	21.000000	31.000000	0.000000	20.000000	0.000000
2662	GDF10	10.000000	4.500000	2.000000	8.500000	0.000000
7431	VIM	122.000000	267.875000	32.000000	14.375000	6.250000
4490	MT1B	4.000000	9.000000	0.000000	0.000000	0.000000
367	AR	16.000000	16.000000	0.000000	10.000000	0.000000
51592	TRIM33	12.000000	20.500000	0.000000	0.500000	0.000000
10746	MAP3K2	7.000000	7.500000	6.500000	6.500000	0.000000
2668	GDNF	5.000000	4.000000	0.000000	6.750000	0.000000
3339	HSPG2	10.000000	31.000000	0.000000	0.000000	0.000000
7074	TIAM1	6.000000	9.000000	0.000000	0.000000	0.000000
7457	WBS2	7.000000	10.500000	0.000000	10.500000	0.000000
2937	GSS	6.000000	15.500000	0.000000	4.500000	0.000000
2932	GSK3B	9.000000	14.000000	0.000000	0.000000	0.000000
55554	KLK15	10.000000	16.000000	0.500000	1.000000	0.000000
2933	GSM1	4.000000	14.000000	0.000000	14.000000	0.000000
861	RUNX1	8.000000	20.000000	0.000000	0.000000	0.000000
7020	TFAP2A	3.000000	8.000000	0.000000	0.000000	0.000000
384	ARG2	10.000000	17.000000	0.000000	19.125000	0.000000
23410	SIRT3	5.000000	11.125000	0.000000	10.125000	0.000000
5321	PLA2G4A	6.000000	9.500000	0.000000	0.000000	0.000000
773	CACNA1A	3.000000	10.000000	0.000000	0.500000	0.000000
3315	HSPB1	6.000000	14.500000	0.000000	0.000000	0.000000
5328	PLAU	37.000000	77.375000	2.000000	16.250000	0.000000
5329	PLAUR	40.000000	84.125000	2.000000	16.500000	0.000000
5670	PSG2	6.000000	6.000000	0.000000	0.000000	4.000000
10989	IMMT	10.000000	10.500000	0.000000	10.500000	0.000000
1728	NQO1	2.000000	5.000000	0.000000	0.000000	0.000000
5327	PLAT	5.000000	10.000000	2.000000	4.000000	0.000000
6774	STAT3	69.000000	142.750000	0.250000	0.000000	4.000000
4292	MLH1	8.000000	11.000000	0.000000	0.000000	0.000000
10987	COPS5	6.000000	14.000000	2.750000	5.000000	0.000000
1902	LPAR1	6.000000	8.500000	0.000000	8.000000	0.000000
1649	DDIT3	15.000000	31.000000	0.000000	19.125000	0.000000
9399	STOML1	13.000000	16.500000	0.000000	0.500000	0.000000
1741	DLG3	5.000000	14.000000	0.000000	0.000000	0.000000
5873	RAB27A	3.000000	8.000000	0.000000	0.000000	0.000000
5979	RET	2566.000000	4915.750000	121.375000	641.250000	237.000000
50616	IL22	9.000000	11.500000	0.000000	0.000000	0.000000
9961	MVP	12.000000	10.500000	14.000000	0.500000	0.000000
1120	CHKB	26.000000	55.500000	0.500000	10.750000	0.000000
673	BRAF	1461.000000	2582.375000	112.250000	418.250000	28.500000
5970	RELA	6.000000	11.000000	0.000000	0.000000	0.000000
112476	PRRT2	8.000000	16.500000	0.000000	0.000000	0.000000
3759	KCNJ2	30.000000	44.000000	0.500000	1.000000	0.000000
1164	CKS2	6.000000	15.000000	0.000000	0.000000	0.000000
6934	TCF7L2	11.000000	19.000000	0.000000	1.000000	0.000000
5458	POU4F2	7.000000	10.250000	0.000000	0.000000	0.000000
572	BAD	12.000000	16.000000	0.000000	0.000000	0.000000
5610	EIF2AK2	3.000000	11.000000	0.000000	0.000000	0.000000
8743	TNFSF10	26.000000	45.500000	7.000000	7.250000	0.000000
2191	FAP	56.000000	94.125000	0.500000	3.125000	0.000000
27018	NGFRAP1	5.000000	11.000000	0.000000	0.000000	0.000000
56994	CHPT1	15.000000	28.500000	0.000000	0.000000	0.000000
3169	FOXA1	11.000000	16.500000	0.000000	0.000000	0.000000
3164	NR4A1	6.000000	15.500000	0.000000	0.000000	0.000000
2806	GOT2	4.000000	5.500000	0.000000	5.500000	0.000000
2249	FGF4	5.000000	10.500000	0.000000	10.500000	0.000000
2200	FBN1	4.000000	5.625000	0.000000	0.000000	0.000000
25949	SYF2	7.000000	9.500000	0.000000	0.000000	0.000000
1588	CYP19A1	6.000000	4.500000	2.750000	5.000000	0.000000
1589	CYP21A2	4.000000	9.000000	0.000000	0.000000	0.000000
780	DDR1	15.000000	21.000000	0.000000	0.000000	6.500000
7158	TP53BP1	9.000000	15.750000	0.000000	4.500000	0.000000
7157	TP53	415.000000	818.750000	158.375000	200.125000	17.250000
7156	TOP3A	4.000000	19.000000	0.000000	0.000000	0.000000
1586	CYP17A1	4.000000	9.000000	0.000000	0.000000	0.000000
1584	CYP11B1	4.000000	9.000000	0.000000	0.000000	0.000000
7099	TLR4	18.000000	34.500000	0.000000	0.000000	0.000000
3845	KRAS	71.000000	98.125000	1.375000	36.375000	4.500000
2433	FRA10C	4.000000	7.000000	0.000000	0.000000	0.000000
4602	MYB	3.000000	10.000000	0.000000	10.000000	0.000000
56606	SLC2A9	2.000000	6.000000	0.000000	6.000000	0.000000
83593	RASSF5	6.000000	5.000000	2.000000	0.500000	0.000000
1030	CDKN2B	6.000000	7.500000	1.000000	3.000000	7.500000
147495	APCDD1	3.000000	6.000000	0.000000	6.000000	0.000000
7291	TWIST1	11.000000	37.000000	2.625000	8.250000	0.000000
632	BGLAP	22.000000	42.250000	0.000000	33.500000	0.000000
1211	CLTA	6.000000	8.500000	0.000000	0.000000	0.000000
7294	TXK	154.000000	288.750000	9.000000	100.375000	10.500000
468	ATF4	2.000000	6.000000	0.000000	6.000000	0.000000
7296	TXNRD1	4.000000	12.000000	0.000000	0.000000	0.000000
9134	CCNE2	14.000000	15.500000	13.000000	1.500000	0.000000
7298	TYMS	5.000000	7.750000	0.000000	3.500000	0.500000
7299	TYR	6.000000	8.000000	0.000000	8.000000	0.000000
57007	ACKR3	11.000000	18.500000	0.000000	0.000000	0.000000
54757	FAM20A	6.000000	4.500000	0.000000	5.250000	0.000000
10643	IGF2BP3	7.000000	6.500000	0.000000	7.000000	0.000000
5555	PRH2	8.000000	14.500000	0.000000	15.500000	0.000000
441263	DTX2P1-UPK3BP1-PMS2P11	4.000000	8.500000	0.000000	0.000000	0.000000
1848	DUSP6	19.000000	43.000000	7.000000	4.000000	0.000000
7849	PAX8	196.000000	322.625000	20.750000	227.500000	2.000000
25953	PNKD	6.000000	11.500000	0.000000	0.000000	0.000000
6950	TCP1	8.000000	9.500000	2.750000	9.500000	0.000000
3725	JUN	9.000000	16.000000	2.750000	14.000000	6.000000
3726	JUNB	3.000000	11.000000	0.000000	0.000000	0.000000
728695	SPANXB1	5.000000	9.000000	0.000000	9.000000	9.000000
5650	KLK7	14.000000	16.000000	0.000000	0.000000	0.000000
11146	GLMN	14.000000	15.750000	0.000000	3.500000	10.000000
4831	NME2	3.000000	6.000000	1.500000	5.000000	1.500000
4684	NCAM1	73.000000	122.375000	0.000000	28.375000	0.000000
967	CD63	6.000000	11.000000	0.000000	0.000000	0.000000
960	CD44	75.000000	142.750000	0.500000	16.375000	0.250000
6277	S100A6	11.000000	19.750000	0.000000	3.750000	0.000000
10253	SPRY2	6.000000	10.500000	0.000000	0.000000	0.000000
4938	OAS1	3.000000	11.000000	0.000000	0.000000	0.000000
4830	NME1	12.000000	21.500000	1.500000	16.250000	1.500000
5578	PRKCA	2.000000	6.000000	0.000000	0.000000	0.000000
968	CD68	42.000000	77.000000	0.000000	25.250000	0.000000
4837	NNMT	16.000000	24.500000	0.750000	2.500000	0.750000
4520	MTF1	10.000000	12.500000	0.000000	0.000000	0.000000
8660	IRS2	3.000000	6.000000	0.000000	0.000000	0.000000
1455	CSNK1G2	9.000000	6.500000	0.000000	13.500000	0.000000
7991	TUSC3	11.000000	14.500000	0.000000	0.500000	0.000000
6059	ABCE1	5.000000	10.500000	0.000000	0.000000	0.000000
2101	ESRRA	11.000000	16.500000	7.250000	7.000000	0.000000
3486	IGFBP3	9.000000	11.000000	0.000000	11.000000	0.000000
6198	RPS6KB1	5.000000	6.000000	0.000000	0.000000	0.000000
6050	RNH1	8.000000	19.000000	0.000000	19.000000	0.000000
26128	KIAA1279	1.000000	4.000000	0.000000	4.000000	0.000000
2104	ESRRG	7.000000	9.500000	0.000000	0.000000	0.000000
53373	TPCN1	141.000000	223.000000	7.750000	19.875000	22.000000
4753	NELL2	10.000000	16.000000	0.500000	1.000000	0.000000
5111	PCNA	98.000000	205.750000	24.750000	47.625000	0.000000
2638	GC	6.000000	11.500000	0.000000	0.000000	0.000000
4087	SMAD2	14.000000	20.500000	0.000000	0.500000	0.000000
4088	SMAD3	12.000000	18.500000	0.000000	0.500000	0.000000
55124	PIWIL2	7.000000	15.000000	0.000000	0.000000	0.000000
5294	PIK3CG	90.000000	125.625000	17.125000	33.875000	6.500000
5295	PIK3R1	12.000000	23.500000	0.000000	0.000000	0.000000
5293	PIK3CD	10.000000	14.000000	0.000000	6.875000	0.000000
5290	PIK3CA	78.000000	105.125000	28.375000	50.875000	0.000000
5291	PIK3CB	86.000000	102.500000	12.000000	32.125000	4.000000
5383	PMS2P5	4.000000	8.500000	0.000000	0.000000	0.000000
5058	PAK1	5.000000	12.500000	0.000000	0.000000	0.000000
6772	STAT1	15.000000	34.500000	0.000000	0.000000	0.000000
9180	OSMR	5.000000	9.500000	0.000000	0.000000	0.000000
5054	SERPINE1	15.000000	27.250000	2.000000	13.250000	0.000000
5055	SERPINB2	5.000000	10.000000	2.000000	4.000000	0.000000
23189	KANK1	11.000000	13.000000	2.750000	5.000000	0.000000
9398	CD101	6.000000	8.500000	0.000000	0.000000	0.000000
5052	PRDX1	8.000000	13.500000	0.000000	1.250000	0.000000
3439	IFNA1	7.000000	8.000000	0.000000	4.000000	0.000000
5728	PTEN	111.000000	158.375000	24.625000	76.500000	5.000000
56971	CEACAM19	24.000000	56.625000	8.500000	7.750000	19.625000
7201	TRHR	8.000000	11.500000	0.000000	11.500000	0.000000
406982	MIR20A	9.000000	4.000000	0.000000	0.000000	6.000000
5726	TAS2R38	21.000000	28.500000	0.000000	0.000000	0.000000
5727	PTCH1	892.000000	1828.750000	20.000000	113.250000	37.500000
3732	CD82	3.000000	11.250000	0.000000	0.000000	0.000000
54206	ERRFI1	19.000000	26.000000	0.000000	0.500000	0.000000
5888	RAD51	10.000000	16.500000	0.000000	10.000000	0.000000
2437	FRA10G	4.000000	7.000000	0.000000	0.000000	0.000000
4594	MUT	3.000000	6.500000	0.000000	0.000000	0.000000
1154	CISH	8.000000	19.000000	0.000000	19.000000	0.000000
56034	PDGFC	9.000000	20.250000	4.625000	14.375000	0.000000
7471	WNT1	11.000000	15.500000	0.000000	0.000000	0.000000
7472	WNT2	7.000000	9.500000	0.000000	7.500000	0.000000
680	BRS3	2.000000	4.500000	0.000000	4.500000	0.000000
7475	WNT6	10.000000	11.000000	0.000000	0.000000	0.000000
7476	WNT7A	10.000000	16.000000	0.500000	1.000000	0.000000
4843	NOS2	15.000000	17.000000	2.000000	4.000000	2.000000
890	CCNA2	16.000000	32.000000	0.000000	0.000000	0.000000
891	CCNB1	6.000000	15.000000	0.000000	0.000000	0.000000
10263	CDK2AP2	9.000000	12.500000	0.000000	12.000000	0.000000
898	CCNE1	8.000000	12.500000	0.000000	12.500000	0.000000
2720	GLB1	17.000000	30.500000	0.750000	2.000000	0.500000
3688	ITGB1	8.000000	10.000000	0.000000	0.750000	4.000000
3930	LBR	20.000000	30.000000	0.000000	4.250000	0.000000
114799	ESCO1	2.000000	6.500000	0.000000	2.000000	1.000000
6790	AURKA	8.000000	6.000000	13.000000	0.500000	0.000000
8317	CDC7	10.000000	16.000000	0.500000	1.000000	0.000000
22882	ZHX2	151.000000	251.000000	30.625000	39.250000	11.500000
8312	AXIN1	14.000000	19.000000	0.000000	1.000000	0.000000
4835	NQO2	2.000000	5.000000	0.000000	0.000000	0.000000
2069	EREG	8.000000	14.500000	0.000000	15.500000	0.000000
4790	NFKB1	40.000000	55.500000	4.500000	25.500000	3.000000
4792	NFKBIA	7.000000	5.500000	4.500000	5.500000	3.000000
1969	EPHA2	10.000000	20.500000	0.000000	15.500000	0.000000
4152	MBD1	7.000000	21.250000	2.500000	2.500000	0.250000
5879	RAC1	10.000000	17.500000	0.000000	0.000000	0.000000
8082	SSPN	6.000000	14.500000	0.000000	0.000000	0.000000
28987	NOB1	4.000000	11.250000	0.000000	0.000000	0.000000
1977	EIF4E	23.000000	34.000000	0.000000	0.500000	8.500000
1235	CCR6	3.000000	7.250000	0.000000	5.500000	0.000000
27087	B3GAT1	24.000000	50.000000	0.000000	11.500000	1.500000
27295	PDLIM3	5.000000	11.000000	0.000000	0.000000	0.000000
356	FASLG	4.000000	11.500000	0.000000	0.000000	0.000000
355	FAS	30.000000	51.250000	0.000000	9.500000	0.000000
808	CALM3	8.000000	25.000000	0.000000	0.000000	0.000000
351	APP	7.000000	12.500000	0.000000	0.000000	0.000000
167359	NIM1	13.000000	18.500000	0.000000	2.000000	0.000000
2353	FOS	29.000000	42.250000	0.750000	16.125000	0.000000
8850	KAT2B	6.000000	20.750000	0.000000	0.875000	0.250000
3106	HLA-B	10.000000	13.500000	0.000000	0.000000	0.000000
1869	E2F1	8.000000	16.000000	5.000000	0.500000	0.000000
8854	ALDH1A2	2.000000	4.500000	0.500000	5.500000	0.000000
728045	PPBPP1	3.000000	6.500000	0.000000	6.500000	0.000000
64781	CERK	4.000000	6.000000	0.000000	4.875000	0.000000
768	CA9	8.000000	15.500000	0.000000	0.000000	0.000000
2966	GTF2H2	3.000000	12.000000	0.000000	0.500000	0.000000
7343	UBTF	5.000000	15.500000	0.000000	0.000000	0.000000
213	ALB	35.000000	63.000000	0.000000	36.500000	0.000000
28811	IGLV2-33	6.000000	8.500000	0.000000	0.000000	0.000000
89941	RHOT2	57.000000	118.625000	0.000000	30.375000	0.000000
1536	CYBB	5.000000	14.000000	0.000000	0.000000	0.000000
2969	GTF2I	3.000000	9.000000	0.000000	8.750000	0.000000
59081	MNG2	6.000000	8.500000	0.000000	1.625000	0.000000
1787	TRDMT1	15.000000	26.000000	0.000000	0.000000	0.000000
7112	TMPO	13.000000	18.250000	0.000000	6.500000	0.500000
5473	PPBP	171.000000	343.250000	0.000000	237.000000	7.000000
3329	HSPD1	2.000000	5.000000	0.000000	0.000000	0.000000
6872	TAF1	6.000000	4.500000	2.750000	5.000000	0.000000
6080	SNORA73A	21.000000	35.250000	4.500000	15.750000	0.000000
3046	HBE1	196.000000	385.750000	1.500000	90.375000	0.000000
83856	FSD1L	10.000000	14.500000	0.000000	0.000000	0.000000
2322	FLT3	2.000000	5.500000	0.000000	0.000000	0.000000
2321	FLT1	51.000000	63.500000	0.000000	28.500000	7.000000
150094	SIK1	6.000000	8.500000	0.500000	15.250000	0.000000
6648	SOD2	24.000000	47.750000	0.000000	4.875000	0.000000
2324	FLT4	44.000000	77.000000	0.000000	12.875000	0.000000
7052	TGM2	10.000000	26.250000	0.000000	28.250000	0.000000
7053	TGM3	1.000000	4.250000	4.500000	4.250000	0.000000
7050	TGIF1	5.000000	4.500000	0.000000	0.000000	0.000000
6647	SOD1	25.000000	44.250000	0.000000	7.625000	0.000000
10189	ALYREF	7.000000	10.500000	0.000000	10.500000	0.000000
7057	THBS1	14.000000	28.000000	0.000000	6.000000	0.000000
84557	MAP1LC3A	7.000000	6.000000	7.000000	0.000000	0.000000
127833	SYT2	1.000000	4.000000	0.000000	4.000000	0.000000
2175	FANCA	11.000000	17.000000	0.000000	10.000000	0.000000
5906	RAP1A	9.000000	18.500000	0.000000	9.625000	0.000000
56259	CTNNBL1	10.000000	11.000000	0.000000	0.000000	0.000000
8651	SOCS1	9.000000	18.500000	0.000000	0.000000	0.000000
1674	DES	5.000000	15.000000	0.000000	1.250000	0.000000
5908	RAP1B	5.000000	12.500000	0.000000	0.000000	0.000000
5909	RAP1GAP	3.000000	6.000000	0.000000	0.000000	0.000000
285	ANGPT2	32.000000	39.500000	2.500000	3.500000	2.500000
696	BTN1A1	10.000000	12.000000	0.000000	0.000000	0.000000
287	ANK2	5.000000	11.000000	0.000000	0.000000	0.000000
1113	CHGA	12.000000	28.375000	0.500000	1.000000	20.875000
3489	IGFBP6	4.000000	9.000000	0.000000	9.500000	0.000000
3488	IGFBP5	4.000000	5.000000	0.000000	6.500000	0.000000
1978	EIF4EBP1	7.000000	8.000000	0.000000	0.500000	8.500000
8637	EIF4EBP3	6.000000	13.000000	2.000000	2.000000	0.000000
65057	ACD	3.000000	7.000000	0.000000	0.000000	0.000000
6996	TDG	48.000000	81.500000	0.000000	44.000000	0.000000
1116	CHI3L1	19.000000	23.500000	0.000000	0.500000	0.000000
6990	DYNLT3	2.000000	5.250000	0.000000	0.000000	0.000000
4333	MNG1	5.000000	11.500000	0.000000	0.000000	0.000000
494324	MIR375	8.000000	15.500000	0.000000	10.500000	0.000000
1152	CKB	4.000000	5.500000	0.000000	5.500000	0.000000
3135	HLA-G	18.000000	28.000000	0.000000	0.000000	0.000000
3134	HLA-F	26.000000	40.125000	0.000000	13.625000	0.000000
2046	EPHA8	5.000000	13.500000	0.000000	0.000000	0.000000
51176	LEF1	21.000000	36.000000	0.000000	0.000000	0.000000
7433	VIPR1	4.000000	11.000000	0.000000	0.000000	0.000000
286494	BRAFP1	4.000000	9.500000	0.250000	0.000000	0.000000
3643	INSR	12.000000	13.000000	0.000000	6.875000	0.000000
8842	PROM1	12.000000	10.500000	14.000000	0.500000	0.000000
51374	ATRAID	5.000000	8.500000	0.000000	0.000000	0.000000
6010	RHO	7.000000	8.500000	0.000000	8.500000	0.000000
3039	HBA1	15.000000	24.500000	0.000000	10.500000	0.000000
6016	RIT1	2.000000	6.000000	0.000000	6.000000	0.000000
2990	GUSB	6.000000	12.000000	0.000000	0.000000	0.000000
3035	HARS	2.000000	6.000000	0.000000	0.000000	0.000000
2495	FTH1	4.000000	7.000000	0.000000	0.000000	0.000000
3033	HADH	7.000000	14.000000	0.000000	0.000000	0.000000
26147	PHF19	18.000000	28.750000	0.000000	3.625000	0.000000
2258	FGF13	3.000000	6.000000	0.000000	0.000000	0.000000
1843	DUSP1	10.000000	16.000000	0.500000	1.000000	0.000000
6416	MAP2K4	6.000000	10.000000	0.000000	4.500000	0.000000
111	ADCY5	15.000000	18.500000	8.000000	8.500000	3.000000
10799	RPP40	2.000000	4.000000	0.000000	7.250000	0.000000
2778	GNAS	34.000000	62.000000	1.250000	35.500000	0.500000
57060	PCBP4	10.000000	16.000000	0.500000	1.000000	0.000000
2475	MTOR	44.000000	45.500000	6.500000	16.500000	24.000000
8031	NCOA4	511.000000	1114.750000	12.000000	63.375000	5.000000
8030	CCDC6	319.000000	556.625000	3.000000	27.250000	4.500000
1072	CFL1	4.000000	7.000000	0.000000	0.000000	0.000000
4893	NRAS	89.000000	150.125000	2.000000	64.250000	0.000000
50507	NOX4	2.000000	5.000000	0.000000	0.000000	0.000000
4897	NRCAM	5.000000	8.000000	0.000000	0.000000	0.000000
5154	PDGFA	24.000000	34.000000	0.000000	8.000000	0.000000
64283	ARHGEF28	6.000000	9.000000	0.000000	0.000000	0.000000
5156	PDGFRA	13.000000	14.500000	0.000000	4.000000	0.000000
5605	MAP2K2	44.000000	63.000000	9.000000	6.500000	0.000000
5604	MAP2K1	109.000000	176.750000	8.500000	4.500000	0.000000
5606	MAP2K3	24.000000	46.000000	0.000000	0.500000	0.000000
5601	MAPK9	9.000000	22.000000	0.000000	0.000000	2.000000
406891	MIRLET7I	5.000000	11.000000	0.000000	0.000000	0.000000
5603	MAPK13	6.000000	9.500000	0.000000	0.000000	0.000000
112	ADCY6	4.000000	9.750000	0.000000	0.250000	0.000000
406947	MIR155	26.000000	35.500000	0.000000	0.000000	0.000000
116496	FAM129A	10.000000	17.000000	0.000000	19.125000	0.000000
5609	MAP2K7	50.000000	81.000000	3.500000	8.875000	0.000000
5763	PTMS	5.000000	18.000000	0.000000	0.000000	0.000000
10046	MAMLD1	14.000000	27.000000	0.000000	11.500000	0.000000
2212	FCGR2A	4.000000	4.500000	0.000000	0.000000	0.000000
84133	ZNRF3	5.000000	10.500000	0.000000	0.000000	0.000000
4803	NGF	2.000000	8.000000	0.000000	0.000000	0.000000
4804	NGFR	9.000000	25.000000	0.000000	1.000000	0.000000
2875	GPT	4.000000	5.500000	0.000000	5.500000	0.000000
80331	DNAJC5	9.000000	15.500000	0.000000	0.000000	0.000000
4807	NHLH1	6.000000	8.500000	0.000000	0.250000	0.000000
5564	PRKAB1	6.000000	7.500000	0.000000	0.000000	0.000000
3290	HSD11B1	14.000000	20.000000	0.000000	20.000000	0.000000
3172	HNF4A	10.000000	20.500000	0.000000	0.000000	0.000000
6513	SLC2A1	52.000000	111.750000	0.000000	22.625000	0.000000
6515	SLC2A3	14.000000	29.000000	0.000000	0.000000	0.000000
5562	PRKAA1	6.000000	7.500000	0.000000	0.000000	0.000000
6517	SLC2A4	4.000000	12.000000	0.000000	0.000000	0.000000
3280	HES1	9.000000	11.500000	0.000000	1.000000	0.000000
1398	CRK	5.000000	18.000000	0.000000	0.500000	0.000000
2073	ERCC5	9.000000	13.000000	0.000000	13.000000	0.000000
9547	CXCL14	11.000000	21.500000	0.000000	0.000000	0.000000
100886964	PTCSC3	6.000000	12.000000	0.000000	0.000000	0.000000
4963	OFC1	7.000000	8.500000	0.000000	1.000000	0.500000
1392	CRH	2.000000	4.500000	0.000000	0.000000	0.000000
25802	LMOD1	17.000000	26.750000	0.250000	4.000000	0.000000
2074	ERCC6	9.000000	13.000000	0.000000	13.000000	0.000000
308	ANXA5	11.000000	20.750000	0.000000	14.500000	0.000000
10135	NAMPT	5.000000	11.125000	0.000000	10.125000	0.000000
3959	LGALS3BP	7.000000	13.000000	0.000000	1.000000	0.000000
3958	LGALS3	387.000000	693.250000	22.250000	169.625000	0.000000
7082	TJP1	4.000000	8.500000	0.000000	0.000000	0.000000
7295	TXN	10.000000	14.500000	0.000000	0.000000	0.000000
3815	KIT	11.000000	25.500000	0.000000	6.250000	1.000000
3953	LEPR	9.000000	24.500000	0.000000	0.000000	0.000000
3952	LEP	37.000000	62.000000	0.000000	10.000000	0.000000
302	ANXA2	4.000000	10.000000	0.000000	0.000000	0.000000
3956	LGALS1	3.000000	5.000000	0.000000	0.000000	0.000000
306	ANXA3	5.000000	9.500000	0.000000	0.000000	0.000000
3265	HRAS	155.000000	261.125000	26.000000	84.000000	9.000000
347902	AMIGO2	2.000000	8.000000	0.000000	0.000000	0.000000
11214	AKAP13	6.000000	13.000000	2.000000	2.000000	0.000000
3848	KRT1	48.000000	79.500000	10.750000	15.000000	0.000000
23705	CADM1	6.000000	20.500000	0.250000	1.000000	0.000000
136319	MTPN	6.000000	8.500000	0.000000	0.000000	0.000000
64798	DEPTOR	7.000000	9.500000	0.000000	9.500000	0.000000
8356	HIST1H3J	7.000000	10.250000	0.000000	0.000000	0.000000
847	CAT	10.000000	19.500000	0.000000	0.000000	0.000000
7270	TTF1	5.000000	10.000000	0.000000	0.000000	0.000000
6420	SF	8.000000	8.500000	0.000000	1.500000	1.000000
842	CASP9	15.000000	23.000000	0.000000	0.000000	0.000000
6422	SFRP1	4.000000	12.000000	0.000000	0.000000	0.000000
3500	IGHG1	7.000000	8.500000	0.000000	0.000000	0.000000
3502	IGHG3	35.000000	54.000000	0.000000	6.000000	0.000000
4968	OGG1	15.000000	26.000000	0.000000	15.000000	0.000000
51350	KRT76	41.000000	95.375000	9.250000	17.750000	6.250000
50975	TCO	5.000000	11.500000	0.000000	0.000000	0.000000
7424	VEGFC	96.000000	169.250000	7.750000	23.250000	0.500000
7423	VEGFB	20.000000	26.500000	1.500000	1.000000	0.500000
7422	VEGFA	226.000000	369.000000	0.000000	84.500000	9.000000
7421	VDR	13.000000	17.500000	2.000000	7.000000	0.000000
2209	FCGR1A	4.000000	4.500000	0.000000	0.000000	0.000000
2678	GGT1	8.000000	7.500000	0.000000	4.500000	0.000000
4331	MNAT1	7.000000	15.000000	2.500000	0.000000	0.000000
2250	FGF5	6.000000	8.500000	0.000000	9.000000	0.000000
5159	PDGFRB	48.000000	68.000000	0.000000	23.000000	4.000000
9569	GTF2IRD1	6.000000	12.000000	0.000000	11.250000	0.000000
9262	STK17B	6.000000	11.500000	0.000000	0.000000	0.000000
7153	TOP2A	9.000000	6.500000	0.000000	13.500000	0.000000
2922	GRP	7.000000	13.000000	0.000000	0.000000	0.000000
9261	MAPKAPK2	8.000000	7.500000	0.000000	7.500000	7.000000
6256	RXRA	2.000000	4.500000	0.500000	5.500000	0.000000
10376	TUBA1B	3.000000	4.250000	0.000000	4.500000	0.000000
9031	BAZ1B	4.000000	8.500000	0.000000	0.000000	0.000000
5335	PLCG1	15.000000	29.500000	0.000000	0.000000	0.000000
6439	SFTPB	22.000000	27.000000	0.000000	0.500000	0.000000
5337	PLD1	10.000000	19.250000	0.250000	0.000000	0.000000
4485	MST1	7.000000	12.500000	0.000000	0.000000	0.000000
5338	PLD2	10.000000	19.250000	0.250000	0.000000	0.000000
7014	TERF2	3.000000	7.000000	0.000000	0.000000	0.000000
7015	TERT	45.000000	51.500000	3.500000	23.000000	0.500000
7012	TERC	3.000000	7.000000	0.000000	0.000000	0.000000
7013	TERF1	3.000000	7.000000	0.000000	0.000000	0.000000
7010	TEK	30.000000	31.500000	2.500000	3.500000	2.500000
7011	TEP1	24.000000	25.500000	0.000000	11.500000	4.000000
8131	NPRL3	11.000000	15.500000	0.000000	0.000000	0.000000
5947	RBP1	2.000000	4.500000	0.500000	5.500000	0.000000
931	MS4A1	14.000000	32.000000	0.000000	9.000000	0.000000
4067	LYN	9.000000	6.500000	0.000000	13.500000	0.000000
1636	ACE	3.000000	7.250000	0.000000	0.000000	0.000000
3856	KRT8	6.000000	14.500000	0.000000	0.125000	0.000000
9141	PDCD5	5.000000	8.500000	0.000000	0.000000	0.000000
1733	DIO1	25.000000	57.250000	0.250000	7.000000	0.000000
1735	DIO3	20.000000	27.500000	0.500000	2.500000	0.500000
1734	DIO2	27.000000	34.750000	0.750000	6.000000	0.500000
10859	LILRB1	4.000000	12.000000	0.000000	12.000000	0.000000
2770	GNAI1	4.000000	14.000000	0.000000	14.000000	0.000000
3321	IGSF3	6.000000	8.500000	0.000000	0.000000	0.000000
983	CDK1	20.000000	35.500000	0.500000	1.000000	0.000000
7097	TLR2	11.000000	25.000000	0.000000	0.000000	0.000000
8828	NRP2	6.000000	7.500000	0.000000	0.000000	0.000000
8829	NRP1	3.000000	4.500000	0.000000	0.000000	0.000000
5788	PTPRC	22.000000	44.500000	0.000000	4.000000	0.000000
574447	MIR146B	70.000000	132.250000	0.000000	27.375000	0.000000
10894	LYVE1	14.000000	16.000000	0.000000	0.000000	0.000000
3606	IL18	2.000000	5.000000	0.000000	5.000000	0.000000
754	PTTG1IP	9.000000	15.000000	0.000000	8.000000	0.000000
58492	ZNF77	14.000000	27.500000	0.000000	13.000000	0.000000
5155	PDGFB	28.000000	66.500000	0.000000	3.000000	0.000000
759	CA1	5.000000	11.500000	0.000000	0.000000	0.000000
3685	ITGAV	4.000000	4.500000	0.000000	4.500000	0.000000
142	PARP1	40.000000	70.250000	6.375000	19.500000	0.000000
839	CASP6	5.000000	16.000000	0.000000	0.000000	0.000000
29951	PDZRN4	5.000000	11.000000	0.000000	0.000000	0.000000
55869	HDAC8	4.000000	6.875000	0.000000	0.125000	0.000000
1594	CYP27B1	22.000000	32.500000	2.000000	22.000000	0.000000
2214	FCGR3A	4.000000	4.500000	0.000000	0.000000	0.000000
1591	CYP24A1	26.000000	37.000000	2.000000	36.500000	0.000000
2776	GNAQ	6.000000	9.000000	0.000000	0.500000	0.000000
2185	PTK2B	14.000000	29.000000	0.000000	0.000000	0.000000
4609	MYC	72.000000	115.875000	1.000000	21.125000	2.000000
5829	PXN	7.000000	20.000000	0.000000	0.000000	0.000000
3170	FOXA2	14.000000	16.000000	0.000000	0.000000	0.000000
225	ABCD2	32.000000	51.125000	4.500000	18.875000	0.000000
25797	QPCT	12.000000	20.500000	0.500000	1.000000	0.000000
2950	GSTP1	5.000000	5.750000	0.000000	5.500000	0.000000
2952	GSTT1	28.000000	44.750000	0.000000	20.000000	0.000000
5367	PMCH	5.000000	16.500000	0.000000	0.000000	0.000000
1025	CDK9	4.000000	6.000000	0.000000	0.000000	0.000000
7080	NKX2-1	208.000000	383.750000	10.750000	78.500000	3.500000
7083	TK1	4.000000	9.000000	0.000000	0.000000	3.000000
5347	PLK1	1.000000	3.500000	0.500000	0.875000	0.000000
5340	PLG	25.000000	46.000000	2.000000	4.500000	0.000000
1489	CTF1	2.000000	6.000000	0.000000	6.000000	0.000000
1022	CDK7	12.000000	19.000000	0.000000	14.250000	0.500000
1029	CDKN2A	74.000000	103.000000	14.000000	37.500000	7.500000
1028	CDKN1C	14.000000	22.000000	0.000000	13.500000	0.000000
726	CAPN5	5.000000	12.500000	0.000000	0.000000	0.000000
5443	POMC	2.000000	4.500000	0.000000	0.000000	0.000000
54658	UGT1A1	2.000000	6.000000	0.000000	6.000000	0.000000
5740	PTGIS	9.000000	13.250000	0.000000	0.000000	0.000000
6693	SPN	4.000000	7.500000	0.000000	0.000000	0.000000
7979	SHFM1	5.000000	9.750000	0.000000	9.750000	0.000000
143662	MUC15	14.000000	16.500000	0.000000	0.000000	0.000000
5721	PSME2	3.000000	11.000000	0.000000	0.000000	0.000000
4089	SMAD4	19.000000	36.250000	0.000000	2.125000	0.000000
1167	CLA3	4.000000	6.500000	0.000000	0.000000	2.000000
4363	ABCC1	12.000000	10.500000	14.000000	0.500000	0.000000
156	ADRBK1	7.000000	8.500000	0.000000	8.500000	0.000000
8178	ELL	15.000000	20.000000	0.000000	0.000000	11.500000
10758	TRAF3IP2	8.000000	9.500000	2.750000	9.500000	0.000000
10671	DCTN6	9.000000	11.500000	0.000000	0.000000	0.000000
3309	HSPA5	6.000000	11.500000	0.000000	0.000000	0.000000
58985	IL22RA1	9.000000	11.500000	0.000000	0.000000	0.000000
9451	EIF2AK3	15.000000	38.875000	0.125000	0.125000	0.000000
348654	GEN1	6.000000	9.000000	0.000000	0.000000	0.000000
59340	HRH4	7.000000	13.000000	0.000000	0.000000	0.000000
168507	PKD1L1	5.000000	14.000000	0.000000	0.000000	0.000000
5741	PTH	55.000000	114.250000	0.000000	27.500000	1.500000
29126	CD274	5.000000	9.500000	0.000000	9.000000	0.000000
8277	TKTL1	10.000000	20.250000	0.000000	4.750000	0.000000
6041	RNASEL	6.000000	8.500000	0.000000	0.000000	0.000000
3735	KARS	2.000000	12.000000	0.000000	6.000000	0.000000
30816	ERVW-1	8.000000	10.500000	0.000000	3.000000	0.000000
1890	TYMP	8.000000	18.000000	0.000000	9.000000	3.000000
407041	MIR34B	10.000000	14.500000	0.000000	0.000000	0.000000
30813	VSX1	28.000000	34.500000	2.750000	9.500000	0.000000
1893	ECM1	10.000000	16.000000	0.500000	1.000000	0.000000
4691	NCL	5.000000	10.000000	0.000000	0.000000	0.000000
472	ATM	31.000000	63.500000	0.000000	2.000000	0.000000
4921	DDR2	2.000000	6.000000	0.000000	0.000000	0.000000
7132	TNFRSF1A	9.000000	16.500000	0.000000	0.000000	0.000000
3040	HBA2	2.000000	4.500000	0.000000	0.000000	0.000000
6347	CCL2	14.000000	31.000000	0.000000	1.000000	0.000000
473	RERE	5.000000	13.000000	0.000000	0.000000	0.000000
3105	HLA-A	21.000000	25.500000	0.000000	2.000000	0.000000
26766	RNU105C	1.000000	4.250000	4.500000	4.250000	0.000000
11076	TPPP	9.000000	7.000000	1.000000	19.000000	0.000000
6336	SCN10A	30.000000	49.000000	0.000000	10.000000	19.000000
5608	MAP2K6	44.000000	72.500000	2.000000	0.500000	0.000000
9429	ABCG2	12.000000	10.500000	14.000000	0.500000	0.000000
1445	CSK	15.000000	31.500000	0.000000	0.000000	0.000000
5934	RBL2	3.000000	6.000000	5.750000	3.125000	0.000000
1117	CHI3L2	8.000000	9.000000	0.000000	0.000000	0.000000
8671	SLC4A4	20.000000	28.000000	0.000000	0.000000	0.000000
1119	CHKA	11.000000	19.500000	0.000000	11.500000	0.000000
171017	ZNF384	9.000000	6.500000	0.750000	2.500000	0.000000
10848	PPP1R13L	31.000000	62.000000	0.000000	48.000000	1.000000
10	NAT2	5.000000	5.750000	0.000000	5.500000	0.000000
2634	GBP2	3.000000	11.000000	0.000000	0.000000	0.000000
4092	SMAD7	4.000000	9.000000	0.000000	0.500000	0.000000
4091	SMAD6	5.000000	7.000000	0.000000	0.000000	0.000000
2582	GALE	10.000000	9.000000	2.000000	3.000000	0.000000
23210	JMJD6	10.000000	11.500000	0.000000	0.000000	0.000000
50945	TBX22	6.000000	7.000000	2.000000	4.000000	0.000000
50944	SHANK1	6.000000	8.000000	0.000000	8.000000	0.000000
2033	EP300	27.000000	46.000000	0.000000	6.000000	0.000000
2644	GCHFR	8.000000	9.500000	2.750000	9.500000	0.000000
317716	BPIFA4P	1.000000	4.125000	4.250000	2.875000	0.000000
50943	FOXP3	11.000000	19.500000	0.000000	0.000000	0.000000
407007	MIR222	40.000000	71.750000	0.000000	12.000000	0.000000
5743	PTGS2	50.000000	92.125000	2.000000	12.500000	2.000000
93659	CGB5	2.000000	12.000000	0.000000	6.000000	0.000000
5737	PTGFR	9.000000	8.500000	0.000000	4.000000	0.000000
23583	SMUG1	9.000000	18.000000	0.000000	18.000000	0.000000
8554	PIAS1	12.000000	23.500000	0.000000	0.000000	0.000000
22943	DKK1	4.000000	6.500000	0.000000	0.000000	0.000000
9212	AURKB	9.000000	9.500000	0.000000	9.500000	0.000000
1629	DBT	19.000000	27.000000	12.250000	7.000000	0.000000
23197	FAF2	24.000000	37.500000	0.000000	1.000000	0.000000
6237	RRAS	15.000000	35.500000	0.000000	8.500000	0.000000
28231	SLCO4A1	5.000000	5.000000	0.000000	0.000000	0.000000
1806	DPYD	5.000000	7.750000	0.000000	3.500000	0.500000
5160	PDHA1	9.000000	13.500000	0.000000	13.500000	0.000000
4586	MUC5AC	9.000000	25.000000	0.000000	5.000000	0.000000
1803	DPP4	45.000000	75.500000	16.750000	32.500000	0.250000
56946	C11orf30	5.000000	12.500000	0.000000	0.000000	0.000000
1801	DPH1	6.000000	8.000000	0.000000	8.000000	0.000000
1800	DPEP1	3.000000	4.000000	0.000000	4.000000	0.000000
3481	IGF2	16.000000	18.500000	0.000000	19.500000	0.000000
6462	SHBG	4.000000	5.500000	0.000000	5.500000	0.000000
51013	EXOSC1	9.000000	19.500000	0.000000	0.000000	0.000000
6464	SHC1	21.000000	36.000000	0.000000	0.000000	3.000000
5744	PTHLH	2.000000	10.250000	0.000000	0.000000	0.000000
1366	CLDN7	5.000000	10.250000	0.000000	8.375000	0.000000
6789	STK4	6.000000	10.000000	0.000000	0.500000	0.000000
1364	CLDN4	4.000000	8.500000	0.000000	0.000000	0.000000
250	ALPP	4.000000	6.500000	0.000000	6.500000	0.000000
5172	SLC26A4	10.000000	15.500000	0.000000	12.500000	0.000000
3576	IL8	10.000000	22.750000	0.000000	1.250000	0.000000
4585	MUC4	28.000000	37.500000	0.000000	2.500000	0.000000
3728	JUP	5.000000	7.000000	0.000000	8.000000	0.000000
7461	CLIP2	4.000000	8.500000	0.000000	0.000000	0.000000
25937	WWTR1	7.000000	12.500000	0.000000	0.000000	0.000000
6696	SPP1	66.000000	118.500000	0.500000	5.250000	0.000000
113130	CDCA5	3.000000	7.000000	0.000000	7.000000	0.000000
4851	NOTCH1	28.000000	37.500000	0.000000	7.500000	0.000000
4582	MUC1	122.000000	248.250000	6.625000	14.875000	0.000000
