3921	RPSA	3.000000	8.250000	2.000000	16.250000	0.000000
9071	CLDN10	4.000000	9.000000	0.000000	9.500000	0.000000
55342	STRBP	1.000000	4.000000	0.000000	4.000000	0.000000
2304	FOXE1	33.000000	41.500000	0.000000	55.125000	0.000000
246744	STH	3.000000	4.500000	2.000000	6.000000	0.000000
4025	LPO	2.000000	5.000000	0.000000	5.000000	0.000000
6528	SLC5A5	75.000000	82.250000	16.000000	115.375000	5.500000
4782	NFIC	2.000000	4.500000	0.000000	4.500000	6.000000
406881	MIRLET7A1	4.000000	0.000000	0.000000	12.250000	0.000000
7301	TYRO3	3.000000	5.500000	0.000000	5.500000	0.000000
3553	IL1B	14.000000	6.500000	1.000000	19.625000	0.000000
8091	HMGA2	22.000000	12.250000	6.000000	17.500000	0.000000
56034	PDGFC	4.000000	10.250000	4.625000	14.375000	0.000000
1946	EFNA5	8.000000	7.500000	0.000000	4.500000	0.000000
4140	MARK3	10.000000	17.000000	0.000000	19.125000	0.000000
3559	IL2RA	9.000000	16.000000	4.500000	8.250000	0.000000
3558	IL2	8.000000	15.000000	0.000000	17.875000	0.000000
3856	KRT8	2.000000	0.000000	0.000000	4.000000	0.000000
7516	XRCC2	14.000000	32.000000	0.000000	32.000000	0.000000
7515	XRCC1	42.000000	67.500000	0.000000	80.625000	0.000000
338340	MMS	31.000000	14.250000	4.000000	56.000000	2.000000
10585	POMT1	21.000000	28.500000	0.000000	37.875000	0.000000
10587	TXNRD2	16.000000	6.750000	0.000000	25.750000	0.000000
3851	KRT4	10.000000	2.125000	0.000000	17.500000	0.000000
816	CAMK2B	7.000000	9.375000	0.000000	17.375000	0.000000
3990	LIPC	10.000000	12.500000	0.000000	17.000000	0.000000
11186	RASSF1	18.000000	7.000000	3.000000	21.750000	2.500000
2852	GPER1	7.000000	7.000000	0.000000	7.000000	0.000000
406938	MIR146A	4.000000	12.000000	0.000000	12.000000	0.000000
54738	FEV	12.000000	14.500000	0.000000	14.500000	6.000000
1490	CTGF	2.000000	0.000000	0.000000	4.500000	0.000000
5460	POU5F1	11.000000	7.500000	4.000000	13.125000	5.000000
7047	TGM4	6.000000	9.000000	0.000000	9.000000	0.000000
1493	CTLA4	8.000000	12.500000	0.000000	7.875000	0.000000
5465	PPARA	106.000000	91.000000	9.750000	166.500000	0.000000
7040	TGFB1	37.000000	37.000000	3.500000	63.000000	0.000000
2072	ERCC4	9.000000	13.000000	0.000000	13.000000	0.000000
5469	MED1	4.000000	0.000000	0.000000	10.125000	0.000000
5468	PPARG	213.000000	184.250000	24.500000	374.000000	2.000000
7124	TNF	11.000000	10.500000	0.000000	23.250000	0.000000
7048	TGFBR2	4.000000	0.000000	0.000000	10.500000	0.000000
5266	PI3	3.000000	4.500000	0.000000	4.500000	0.000000
5265	SERPINA1	8.000000	0.000000	0.000000	12.500000	0.000000
6795	AURKC	9.000000	0.000000	15.000000	4.500000	0.000000
81537	SGPP1	2.000000	0.000000	2.000000	6.000000	0.000000
10848	PPP1R13L	22.000000	45.500000	0.000000	46.000000	0.000000
5918	RARRES1	6.000000	12.000000	0.000000	12.000000	0.000000
4830	NME1	15.000000	15.500000	1.500000	33.250000	1.500000
5915	RARB	7.000000	14.000000	0.500000	14.500000	0.000000
5914	RARA	2.000000	4.500000	0.500000	5.500000	0.000000
5917	RARS	2.000000	4.500000	0.500000	5.500000	0.000000
292	SLC25A5	3.000000	4.500000	2.000000	6.000000	0.000000
1629	DBT	7.000000	7.000000	0.000000	7.000000	0.000000
290	ANPEP	4.000000	2.000000	0.000000	7.000000	0.000000
1128	CHRM1	4.000000	1.000000	1.000000	7.000000	0.000000
1084	CEACAM3	9.000000	7.250000	0.000000	23.500000	4.125000
595	CCND1	58.000000	43.000000	4.250000	93.000000	0.000000
597	BCL2A1	7.000000	8.500000	0.000000	8.500000	0.000000
596	BCL2	43.000000	27.875000	8.875000	80.750000	0.000000
1120	CHKB	20.000000	32.500000	0.000000	17.875000	0.000000
598	BCL2L1	20.000000	20.750000	0.375000	31.875000	0.000000
4323	MMP14	5.000000	2.250000	2.500000	14.250000	0.000000
4322	MMP13	10.000000	2.250000	2.500000	19.750000	0.000000
780915	CHNG3	12.000000	23.000000	0.000000	23.000000	0.000000
3678	ITGA5	9.000000	0.000000	0.000000	13.500000	0.000000
55835	CENPJ	16.000000	10.250000	2.250000	11.250000	4.500000
3145	HMBS	9.000000	13.500000	0.000000	13.500000	0.000000
3146	HMGB1	6.000000	0.750000	4.500000	3.500000	0.000000
2827	GPR3	4.000000	6.000000	0.000000	6.000000	0.000000
8550	MAPKAPK5	6.000000	2.500000	0.000000	5.000000	0.000000
3384	ICAM2	3.000000	7.250000	0.000000	5.500000	0.000000
3383	ICAM1	8.000000	12.500000	4.500000	16.875000	0.000000
55729	ATF7IP	11.000000	14.500000	0.000000	14.500000	0.000000
3020	H3F3A	9.000000	0.000000	15.000000	4.500000	0.000000
645740	NOS2P1	8.000000	5.500000	0.000000	5.500000	0.000000
51116	MRPS2	5.000000	1.500000	0.000000	6.500000	0.000000
1018	CDK3	6.000000	7.000000	5.875000	9.750000	0.000000
7881	KCNAB1	7.000000	0.000000	0.000000	14.500000	0.000000
2263	FGFR2	2.000000	6.000000	0.000000	6.000000	0.000000
2260	FGFR1	10.000000	8.500000	0.000000	16.000000	0.000000
64170	CARD9	6.000000	12.000000	0.000000	12.000000	0.000000
4214	MAP3K1	25.000000	25.500000	6.500000	22.750000	11.500000
1154	CISH	8.000000	19.000000	0.000000	19.000000	0.000000
1337	COX6A1	5.000000	1.500000	0.000000	6.500000	0.000000
115209	OMA1	4.000000	0.000000	0.000000	4.000000	0.000000
4193	MDM2	17.000000	25.000000	0.000000	24.500000	0.000000
5670	PSG2	2.000000	1.000000	1.000000	4.625000	1.000000
406979	MIR19A	5.000000	0.500000	0.500000	4.250000	0.000000
9844	ELMO1	7.000000	0.000000	0.000000	14.500000	0.000000
7306	TYRP1	11.000000	22.500000	0.000000	22.500000	0.000000
23540	TRNAS3	4.000000	0.000000	0.000000	6.500000	0.000000
107	ADCY1	4.000000	6.000000	0.000000	6.000000	0.000000
6271	S100A1	3.000000	4.625000	3.250000	13.375000	1.250000
6508	SLC4A3	19.000000	17.250000	0.500000	40.875000	0.000000
6275	S100A4	7.000000	8.500000	0.000000	22.250000	0.000000
11005	SPINK5	8.000000	11.500000	0.000000	7.000000	0.000000
5578	PRKCA	13.000000	0.000000	0.000000	21.500000	0.000000
909	CD1A	9.000000	11.750000	0.000000	16.000000	0.000000
5573	PRKAR1A	9.000000	2.500000	0.000000	12.500000	0.000000
643586	PKMP1	4.000000	1.000000	1.000000	7.000000	0.000000
339256	NOS2P3	7.000000	8.500000	2.000000	4.000000	2.000000
26128	KIAA1279	1.000000	4.000000	0.000000	4.000000	0.000000
4900	NRGN	1.000000	4.000000	0.000000	4.000000	0.000000
10630	PDPN	6.000000	12.500000	0.000000	12.000000	0.000000
373156	GSTK1	18.000000	18.000000	0.000000	30.000000	0.000000
9734	HDAC9	11.000000	8.500000	0.000000	12.000000	0.000000
23321	TRIM2	4.000000	0.000000	0.000000	10.125000	0.000000
127833	SYT2	1.000000	4.000000	0.000000	4.000000	0.000000
331	XIAP	4.000000	10.000000	0.000000	10.000000	0.000000
332	BIRC5	6.000000	0.000000	0.000000	7.500000	0.000000
7345	UCHL1	4.000000	2.500000	3.000000	3.500000	2.500000
10799	RPP40	2.000000	4.000000	0.000000	7.250000	0.000000
2810	SFN	10.000000	19.750000	3.000000	31.500000	0.000000
10380	BPNT1	4.000000	6.500000	0.000000	6.500000	0.000000
5137	PDE1C	3.000000	0.000000	0.000000	8.000000	0.000000
5136	PDE1A	3.000000	0.000000	0.000000	8.000000	0.000000
3290	HSD11B1	14.000000	20.000000	0.000000	20.000000	0.000000
1903	S1PR3	2.000000	0.000000	2.000000	6.000000	0.000000
1901	S1PR1	2.000000	0.000000	2.000000	6.000000	0.000000
7517	XRCC3	11.000000	25.000000	0.000000	25.000000	0.000000
857	CAV1	30.000000	37.000000	4.750000	42.000000	0.000000
3458	IFNG	3.000000	0.000000	0.000000	4.500000	0.000000
858	CAV2	14.000000	13.500000	2.000000	18.000000	0.000000
3855	KRT7	24.000000	27.750000	0.000000	53.500000	0.000000
2688	GH1	10.000000	5.500000	1.000000	12.500000	0.000000
7414	VCL	3.000000	0.000000	0.000000	7.000000	0.000000
7415	VCP	8.000000	2.000000	0.000000	10.000000	0.000000
3852	KRT5	4.000000	17.000000	0.000000	16.125000	0.000000
5294	PIK3CG	48.000000	20.625000	16.125000	60.375000	4.500000
1495	CTNNA1	5.000000	7.000000	0.000000	8.000000	0.000000
3850	KRT3	13.000000	14.000000	0.000000	25.000000	0.000000
7039	TGFA	1.000000	0.000000	0.000000	3.750000	0.000000
7008	TEF	2.000000	6.000000	0.000000	6.000000	0.000000
10249	GLYAT	4.000000	0.000000	3.000000	8.625000	0.000000
6616	SNAP25	1.000000	3.250000	2.250000	6.750000	2.250000
7001	PRDX2	4.000000	1.000000	1.000000	7.000000	0.000000
1432	MAPK14	12.000000	2.500000	0.000000	12.250000	0.000000
55783	CMTR2	3.000000	8.500000	0.000000	17.125000	0.000000
10841	FTCD	27.000000	39.500000	11.000000	38.000000	7.000000
3205	HOXA9	5.000000	1.500000	0.000000	6.500000	0.000000
4170	MCL1	5.000000	0.750000	0.375000	6.250000	0.000000
4171	MCM2	2.000000	0.000000	0.000000	12.000000	0.000000
4172	MCM3	6.000000	6.500000	0.000000	4.500000	0.000000
6752	SSTR2	9.000000	10.000000	2.750000	10.500000	0.000000
6753	SSTR3	12.000000	18.500000	2.750000	19.000000	0.000000
6750	SST	67.000000	88.875000	8.500000	105.000000	20.000000
6751	SSTR1	16.000000	25.000000	2.750000	25.500000	0.000000
7177	TPSAB1	3.000000	4.500000	0.000000	4.500000	0.000000
6754	SSTR4	6.000000	4.500000	2.750000	5.000000	0.000000
6755	SSTR5	13.000000	14.500000	2.750000	15.000000	0.000000
54361	WNT4	5.000000	0.000000	0.000000	9.500000	0.000000
3858	KRT10	4.000000	9.625000	0.000000	7.000000	0.000000
55655	NLRP2	1.000000	0.000000	0.000000	6.750000	0.000000
22882	ZHX2	46.000000	43.375000	22.875000	39.875000	11.500000
427	ASAH1	4.000000	15.000000	0.000000	15.000000	0.000000
2869	GRK5	7.000000	8.500000	0.000000	8.500000	0.000000
3630	INS	23.000000	24.000000	4.000000	32.250000	0.000000
407007	MIR222	16.000000	12.000000	0.000000	29.500000	0.000000
407006	MIR221	16.000000	12.000000	0.000000	29.500000	0.000000
55971	BAIAP2L1	9.000000	0.500000	18.000000	15.500000	0.000000
7173	TPO	137.000000	102.000000	12.000000	265.625000	5.250000
6898	TAT	2.000000	0.250000	6.000000	5.625000	0.000000
4613	MYCN	8.000000	0.000000	0.000000	15.000000	0.000000
2944	GSTM1	14.000000	17.750000	0.000000	17.500000	0.000000
4615	MYD88	5.000000	1.500000	0.000000	6.500000	0.000000
2346	FOLH1	1.000000	4.000000	0.000000	4.000000	0.000000
7078	TIMP3	3.000000	2.250000	2.500000	6.750000	0.000000
7079	TIMP4	3.000000	2.250000	2.500000	6.750000	0.000000
1056	CEL	8.000000	7.500000	0.000000	7.500000	7.000000
3342	HTC2	10.000000	11.500000	0.000000	17.000000	0.000000
7076	TIMP1	19.000000	13.750000	2.500000	27.250000	0.000000
7077	TIMP2	5.000000	2.250000	2.500000	14.250000	0.000000
27349	MCAT	6.000000	7.000000	0.000000	6.500000	0.000000
5925	RB1	19.000000	23.000000	10.500000	35.125000	0.000000
5921	RASA1	250.000000	272.375000	73.625000	391.500000	23.000000
4881	NPR1	3.000000	8.250000	2.000000	16.250000	0.000000
51151	SLC45A2	2.000000	6.000000	0.000000	6.000000	0.000000
54474	KRT20	31.000000	43.625000	4.000000	61.375000	4.000000
147	ADRA1B	3.000000	4.500000	4.500000	11.750000	0.000000
4312	MMP1	33.000000	12.250000	4.000000	57.000000	2.000000
4313	MMP2	45.000000	4.250000	2.500000	85.875000	0.000000
4314	MMP3	15.000000	2.250000	2.500000	24.750000	0.000000
4316	MMP7	20.000000	1.500000	1.500000	32.250000	2.000000
4318	MMP9	35.000000	17.250000	4.000000	55.000000	2.000000
613	BCR	1.000000	6.000000	0.000000	5.000000	0.000000
4255	MGMT	4.000000	2.500000	3.000000	3.500000	2.500000
4254	KITLG	2.000000	1.000000	1.000000	4.625000	1.000000
4501	MT1X	9.000000	6.500000	0.000000	13.500000	0.000000
3703	STT3A	29.000000	20.000000	0.000000	65.750000	0.000000
8795	TNFRSF10B	2.000000	4.000000	0.000000	7.250000	0.000000
1287	COL4A5	2.000000	0.000000	0.000000	4.000000	0.000000
5351	PLOD1	3.000000	6.000000	0.000000	6.000000	0.000000
3117	HLA-DQA1	1.000000	1.000000	0.000000	3.875000	0.000000
947	CD34	15.000000	8.750000	2.000000	26.125000	0.000000
4914	NTRK1	35.000000	24.750000	0.500000	30.500000	16.500000
942	CD86	9.000000	7.500000	0.000000	7.500000	0.000000
4913	NTHL1	8.000000	0.000000	0.000000	11.000000	0.000000
11162	NUDT6	2.000000	0.250000	0.500000	4.625000	0.000000
941	CD80	1.000000	1.000000	0.000000	3.875000	0.000000
6038	RNASE4	4.000000	5.000000	9.250000	4.000000	0.000000
79718	TBL1XR1	3.000000	6.500000	0.000000	6.500000	0.000000
388677	NOTCH2NL	6.000000	7.000000	5.875000	9.750000	0.000000
80781	COL18A1	11.000000	5.000000	0.000000	17.000000	0.000000
680	BRS3	2.000000	4.500000	0.000000	4.500000	0.000000
682	BSG	22.000000	22.750000	16.750000	40.750000	0.000000
5172	SLC26A4	24.000000	18.500000	5.250000	31.375000	1.000000
5170	PDPK1	20.000000	3.500000	24.000000	21.500000	0.000000
5175	PECAM1	26.000000	7.000000	17.000000	35.875000	0.000000
2719	GPC3	10.000000	4.500000	2.000000	8.500000	0.000000
406984	MIR200B	4.000000	12.000000	0.000000	12.000000	0.000000
64065	PERP	5.000000	8.750000	0.000000	8.500000	0.000000
3417	IDH1	8.000000	0.000000	6.000000	3.500000	0.000000
5078	PAX4	6.000000	7.000000	2.000000	4.000000	0.000000
2597	GAPDH	19.000000	22.750000	1.000000	30.000000	0.000000
135	ADORA2A	6.000000	7.750000	0.000000	14.000000	0.000000
5747	PTK2	13.000000	9.500000	2.750000	18.000000	0.000000
23598	PATZ1	4.000000	9.125000	2.500000	9.125000	0.000000
10342	TFG	4.000000	2.000000	0.000000	8.000000	0.000000
7381	UQCRB	5.000000	1.500000	0.000000	6.500000	0.000000
5076	PAX2	4.000000	0.000000	0.000000	8.500000	0.000000
407056	MIR99B	8.000000	15.500000	0.000000	10.500000	0.000000
3418	IDH2	8.000000	0.000000	6.000000	3.500000	0.000000
25	ABL1	1.000000	6.000000	0.000000	5.000000	0.000000
27	ABL2	4.000000	13.000000	0.000000	13.000000	0.000000
1834	DSPP	5.000000	0.000000	0.000000	5.000000	0.000000
6578	SLCO2A1	7.000000	0.000000	0.000000	14.500000	0.000000
3791	KDR	37.000000	15.000000	2.000000	49.500000	8.500000
2149	F2R	5.000000	0.000000	0.000000	9.500000	0.000000
7123	CLEC3B	5.000000	14.000000	0.000000	5.000000	0.000000
7694	ZNF135	2.000000	6.000000	0.000000	6.000000	0.000000
9562	MINPP1	6.000000	0.000000	0.000000	13.875000	0.000000
4982	TNFRSF11B	12.000000	22.500000	0.000000	22.500000	0.000000
9567	GTPBP1	4.000000	6.000000	0.000000	11.000000	0.000000
1378	CR1	3.000000	0.000000	0.000000	6.000000	0.000000
931	MS4A1	5.000000	9.500000	0.000000	9.000000	0.000000
930	CD19	9.000000	13.500000	0.000000	13.500000	0.000000
23475	QPRT	5.000000	0.250000	0.000000	14.250000	0.000000
10524	KAT5	7.000000	7.000000	0.000000	7.000000	0.000000
3939	LDHA	8.000000	5.500000	0.000000	11.500000	0.000000
3938	LCT	3.000000	0.000000	0.000000	6.000000	0.000000
10885	WDR3	2.000000	4.000000	0.000000	4.000000	0.000000
83943	IMMP2L	6.000000	12.000000	0.000000	12.000000	0.000000
1956	EGFR	99.000000	86.250000	22.500000	150.125000	2.250000
1950	EGF	104.000000	64.375000	8.750000	172.875000	3.750000
6717	SRI	6.000000	4.500000	2.750000	5.000000	0.000000
10114	HIPK3	8.000000	2.000000	0.000000	13.000000	0.000000
6715	SRD5A1	3.000000	6.000000	0.000000	6.000000	0.000000
1959	EGR2	5.000000	0.000000	0.000000	11.000000	0.000000
4846	NOS3	8.000000	5.500000	0.000000	5.500000	0.000000
23373	CRTC1	8.000000	4.500000	0.000000	4.500000	4.500000
7852	CXCR4	5.000000	7.500000	0.000000	10.000000	0.000000
7252	TSHB	536.000000	880.250000	19.500000	1038.500000	8.250000
7253	TSHR	239.000000	325.750000	14.500000	435.250000	7.375000
3569	IL6	19.000000	30.500000	14.000000	41.000000	0.000000
55450	CAMK2N1	5.000000	1.500000	0.000000	6.500000	0.000000
2317	FLNB	3.000000	0.000000	0.000000	5.000000	0.000000
54922	RASIP1	4.000000	6.000000	0.000000	6.000000	0.500000
6855	SYP	4.000000	3.250000	2.250000	11.500000	2.250000
84525	HOPX	4.000000	6.500000	0.000000	6.500000	0.000000
4311	MME	17.000000	5.875000	0.000000	29.250000	0.000000
22795	NID2	4.000000	0.000000	0.000000	10.125000	0.000000
706	TSPO	10.000000	1.500000	0.000000	11.000000	0.000000
7031	TFF1	5.000000	4.000000	0.000000	4.000000	3.000000
7032	TFF2	6.000000	1.750000	0.000000	5.250000	0.000000
7033	TFF3	31.000000	9.750000	0.000000	84.500000	0.000000
7038	TG	2154.000000	3606.500000	96.625000	4245.500000	204.375000
142	PARP1	14.000000	19.500000	0.000000	26.500000	0.000000
1489	CTF1	2.000000	6.000000	0.000000	6.000000	0.000000
87	ACTN1	22.000000	7.000000	0.000000	36.000000	0.000000
2309	FOXO3	3.000000	0.000000	0.000000	8.000000	0.000000
2147	F2	4.000000	11.000000	0.000000	11.000000	0.000000
4041	LRP5	26.000000	59.000000	0.000000	29.500000	0.000000
2069	EREG	8.000000	14.500000	0.000000	15.500000	0.000000
4049	LTA	7.000000	14.500000	0.000000	14.500000	0.000000
5315	PKM	4.000000	1.000000	1.000000	7.000000	0.000000
8804	CREG1	3.000000	0.000000	0.000000	6.750000	0.000000
8801	SUCLG2	4.000000	6.000000	0.000000	11.000000	0.000000
4319	MMP10	3.000000	2.250000	2.500000	6.750000	0.000000
3661	IRF3	9.000000	6.500000	0.000000	13.500000	0.000000
581	BAX	25.000000	10.750000	0.375000	34.875000	0.000000
8205	TAM	4.000000	0.000000	0.000000	7.500000	0.000000
57534	MIB1	15.000000	20.750000	0.000000	19.000000	0.000000
339390	CLEC4G	3.000000	0.000000	0.000000	4.000000	0.000000
4628	MYH10	3.000000	0.000000	0.000000	5.000000	0.000000
3159	HMGA1	6.000000	0.750000	4.500000	3.500000	0.000000
972	CD74	9.000000	6.500000	0.000000	13.500000	0.000000
2277	FIGF	19.000000	12.500000	2.000000	39.500000	0.000000
85235	HIST1H2AH	8.000000	0.000000	0.000000	11.000000	0.000000
2273	FHL1	3.000000	0.000000	0.000000	9.000000	0.000000
2272	FHIT	17.000000	23.250000	0.750000	26.500000	0.000000
5911	RAP2A	3.000000	0.000000	0.000000	9.000000	0.000000
3014	H2AFX	17.000000	4.500000	0.000000	27.250000	0.000000
6256	RXRA	2.000000	4.500000	0.500000	5.500000	0.000000
85413	SLC22A16	2.000000	6.000000	0.000000	6.000000	0.000000
8720	MBTPS1	2.000000	0.000000	2.000000	6.000000	0.000000
5159	PDGFRB	21.000000	24.000000	0.000000	23.000000	4.000000
27319	BHLHE22	6.000000	6.500000	0.000000	7.000000	0.000000
406966	MIR191	6.000000	8.500000	0.500000	15.250000	0.000000
8502	PKP4	8.000000	10.000000	10.000000	14.000000	0.000000
10746	MAP3K2	7.000000	7.500000	6.500000	6.500000	0.000000
5034	P4HB	3.000000	4.250000	0.000000	4.500000	0.000000
6762	ST3	11.000000	23.000000	0.000000	26.750000	0.000000
4435	CITED1	29.000000	39.500000	1.000000	52.125000	0.000000
8290	HIST3H3	4.000000	0.000000	7.000000	7.000000	0.000000
23089	PEG10	2.000000	4.500000	0.000000	4.500000	0.000000
7857	SCG2	5.000000	2.000000	0.000000	8.125000	10.500000
23082	PPRC1	4.000000	0.000000	0.000000	6.000000	0.000000
160728	SLC5A8	4.000000	2.500000	3.000000	3.500000	2.500000
2050	EPHB4	3.000000	7.000000	0.000000	7.000000	0.000000
2887	GRB10	6.000000	4.500000	0.000000	5.250000	0.000000
27087	B3GAT1	21.000000	28.250000	0.000000	29.000000	1.500000
6285	S100B	6.000000	5.625000	3.250000	19.375000	1.250000
7490	WT1	3.000000	1.000000	0.000000	6.000000	0.000000
6282	S100A11	4.000000	3.750000	0.000000	4.250000	0.000000
120227	CYP2R1	9.000000	15.000000	0.000000	15.000000	0.000000
654	BMP6	10.000000	4.500000	2.000000	8.500000	0.000000
6046	BRD2	6.000000	14.000000	0.000000	14.000000	0.000000
4320	MMP11	3.000000	2.250000	2.500000	6.750000	0.000000
3084	NRG1	6.000000	12.000000	0.000000	12.000000	0.000000
2113	ETS1	9.000000	5.500000	0.000000	9.000000	0.000000
8600	TNFSF11	14.000000	20.000000	0.000000	20.000000	0.000000
2939	GSTA2	9.000000	12.000000	0.000000	12.000000	0.000000
6364	CCL20	3.000000	7.250000	0.000000	5.500000	0.000000
57110	HRASLS	6.000000	8.500000	0.000000	8.000000	0.000000
10404	CPQ	10.000000	9.000000	0.000000	28.750000	0.000000
140805	HT	1.000000	1.000000	0.000000	3.875000	0.000000
3872	KRT17	5.000000	17.375000	0.000000	12.875000	0.000000
3875	KRT18	4.000000	8.750000	0.000000	11.875000	0.000000
5890	RAD51B	5.000000	11.000000	0.000000	11.000000	0.000000
5893	RAD52	4.000000	10.000000	0.000000	10.000000	0.000000
5894	RAF1	4.000000	6.000000	0.000000	9.625000	0.000000
11334	TUSC2	3.000000	5.000000	0.000000	14.000000	0.000000
3283	HSD3B1	9.000000	10.500000	0.000000	17.500000	0.000000
9232	PTTG1	15.000000	9.500000	1.000000	24.000000	0.000000
3280	HES1	5.000000	0.500000	0.500000	4.250000	0.000000
10	NAT2	5.000000	5.750000	0.000000	5.500000	0.000000
1509	CTSD	7.000000	7.000000	0.000000	7.000000	0.000000
3880	KRT19	145.000000	204.250000	0.500000	193.000000	1.000000
54802	TRIT1	3.000000	8.000000	0.000000	8.000000	0.000000
19	ABCA1	8.000000	20.000000	0.000000	20.000000	0.000000
3440	IFNA2	6.000000	15.000000	0.000000	15.000000	0.000000
2026	ENO2	4.000000	5.250000	2.250000	10.000000	8.250000
2752	GLUL	11.000000	14.000000	0.000000	33.500000	0.000000
28957	MRPS28	5.000000	1.500000	0.000000	6.500000	0.000000
2023	ENO1	4.000000	1.000000	1.000000	7.000000	0.000000
2695	GIP	10.000000	1.500000	0.000000	11.000000	0.000000
3082	HGF	2.000000	6.000000	0.000000	6.000000	0.000000
2693	GHSR	4.000000	0.000000	0.000000	3.250000	2.000000
2691	GHRH	4.000000	0.000000	0.000000	3.250000	2.000000
10273	STUB1	4.000000	0.000000	7.000000	7.000000	0.000000
83593	RASSF5	3.000000	0.000000	0.000000	5.250000	0.000000
943	TNFRSF8	6.000000	7.000000	4.500000	6.500000	6.000000
6745	SSR1	5.000000	2.750000	0.000000	8.000000	0.000000
4760	NEUROD1	6.000000	6.500000	0.000000	7.000000	0.000000
4763	NF1	2.000000	4.500000	0.000000	4.500000	6.000000
940	CD28	1.000000	1.000000	0.000000	3.875000	0.000000
6624	FSCN1	3.000000	0.000000	0.000000	6.000000	0.000000
6749	SSRP1	2.000000	0.000000	0.000000	4.000000	0.000000
6621	SNAPC4	6.000000	12.000000	0.000000	12.000000	0.000000
3233	HOXD4	6.000000	7.000000	0.000000	7.000000	0.000000
51715	RAB23	9.000000	6.500000	0.000000	13.500000	0.000000
11249	NXPH2	1.000000	4.000000	0.000000	4.000000	0.000000
1969	EPHA2	8.000000	14.500000	0.000000	15.500000	0.000000
4000	LMNA	3.000000	0.000000	0.000000	7.000000	0.000000
1612	DAPK1	4.000000	2.500000	3.000000	3.500000	2.500000
50628	GEMIN4	3.000000	5.000000	0.000000	14.000000	0.000000
324	APC	3.000000	1.000000	0.000000	6.000000	0.000000
328	APEX1	7.000000	9.500000	0.000000	9.500000	0.000000
329	BIRC2	4.000000	10.000000	0.000000	10.000000	0.000000
771	CA12	3.000000	0.000000	0.000000	9.000000	0.000000
2875	GPT	4.000000	5.500000	0.000000	5.500000	0.000000
6241	RRM2	2.000000	4.500000	0.500000	5.500000	0.000000
64798	DEPTOR	7.000000	9.500000	0.000000	9.500000	0.000000
7108	TM7SF2	4.000000	0.000000	0.000000	10.125000	0.000000
3813	KIR3DS1	6.000000	4.500000	2.750000	5.000000	0.000000
6862	T	9.000000	0.000000	0.000000	10.000000	0.000000
5362	PLXNA2	3.000000	4.000000	0.000000	4.000000	0.000000
2335	FN1	52.000000	19.875000	1.000000	105.875000	0.000000
7068	THRB	13.000000	11.500000	0.000000	21.000000	0.000000
7067	THRA	8.000000	11.500000	0.000000	11.500000	0.000000
7063	THM	8.000000	11.500000	0.000000	7.000000	0.000000
5934	RBL2	3.000000	6.000000	5.750000	3.125000	0.000000
5933	RBL1	3.000000	6.000000	5.750000	3.125000	0.000000
29778	MAP2K1P1	11.000000	17.000000	0.000000	17.500000	0.000000
80760	ITIH5	7.000000	0.000000	0.000000	14.500000	0.000000
4288	MKI67	34.000000	36.250000	42.500000	67.250000	1.000000
3713	IVL	3.000000	9.250000	0.000000	10.250000	0.000000
144501	KRT80	2.000000	0.000000	0.000000	4.000000	0.000000
8626	TP63	44.000000	77.625000	2.625000	47.250000	3.000000
3492	IGH	3.000000	0.000000	0.000000	8.000000	0.000000
660	BMX	3.000000	0.000000	0.000000	9.000000	0.000000
5241	PGR	12.000000	18.500000	0.000000	18.500000	0.000000
8883	NAE1	4.000000	6.000000	0.000000	6.000000	0.000000
2099	ESR1	18.000000	15.875000	2.000000	26.500000	9.125000
2526	FUT4	16.000000	21.500000	0.000000	21.375000	0.000000
1543	CYP1A1	5.000000	5.750000	0.000000	5.500000	0.000000
2523	FUT1	1.000000	0.000000	0.000000	4.750000	0.000000
200186	CRTC2	8.000000	4.500000	0.000000	4.500000	4.500000
3123	HLA-DRB1	3.000000	5.625000	0.000000	6.125000	0.000000
100508689	LOC100508689	5.000000	14.000000	0.000000	5.000000	0.000000
4907	NT5E	4.000000	0.500000	0.000000	5.000000	0.000000
2249	FGF4	10.000000	11.500000	1.000000	18.500000	0.000000
8718	TNFRSF25	3.000000	5.625000	0.000000	6.125000	0.000000
29113	C6orf15	23.000000	49.000000	0.000000	49.250000	0.000000
2246	FGF1	10.000000	7.625000	2.250000	13.875000	0.000000
2247	FGF2	17.000000	10.875000	0.500000	27.750000	0.000000
29115	SAP30BP	16.000000	25.625000	0.000000	28.875000	0.000000
9370	ADIPOQ	2.000000	4.500000	0.000000	4.500000	0.000000
999	CDH1	65.000000	67.000000	24.500000	84.375000	0.000000
7083	TK1	6.000000	0.250000	6.750000	4.750000	0.000000
5141	PDE4A	3.000000	0.000000	0.000000	8.000000	0.000000
5757	PTMA	3.000000	2.000000	0.000000	6.000000	0.000000
6443	SGCB	4.000000	10.250000	4.625000	14.375000	0.000000
1021	CDK6	6.000000	8.500000	0.500000	15.250000	0.000000
406954	MIR181A2	8.000000	15.500000	0.000000	10.500000	0.000000
4233	MET	34.000000	24.500000	16.250000	53.625000	2.750000
1401	CRP	5.000000	13.000000	0.000000	13.000000	0.000000
8024	RDPA	2.000000	6.000000	0.000000	6.000000	0.000000
9170	LPAR2	6.000000	8.500000	0.000000	8.000000	0.000000
53827	FXYD5	4.000000	0.000000	0.000000	12.250000	0.000000
5595	MAPK3	35.000000	4.000000	0.750000	41.750000	0.000000
5594	MAPK1	93.000000	71.500000	6.500000	109.375000	13.500000
5597	MAPK6	11.000000	15.500000	0.000000	12.250000	0.000000
5596	MAPK4	30.000000	11.625000	40.125000	29.625000	0.000000
5599	MAPK8	23.000000	10.000000	4.500000	28.000000	3.000000
7448	VTN	6.000000	8.500000	0.500000	15.250000	0.000000
1022	CDK7	9.000000	13.000000	0.000000	13.000000	0.000000
5617	PRL	10.000000	2.500000	0.000000	16.000000	0.000000
10758	TRAF3IP2	8.000000	9.500000	2.750000	9.500000	0.000000
929	CD14	9.000000	13.500000	0.000000	13.500000	0.000000
6258	RXRG	5.000000	0.000000	0.000000	11.000000	0.000000
134637	ADAT2	3.000000	8.250000	2.000000	16.250000	0.000000
50818	DYT10	23.000000	11.750000	0.000000	42.250000	0.000000
920	CD4	21.000000	33.000000	4.500000	32.000000	0.000000
1385	CREB1	3.000000	0.000000	0.000000	4.000000	0.000000
2064	ERBB2	54.000000	55.250000	1.000000	83.500000	0.250000
2065	ERBB3	6.000000	7.000000	0.000000	7.000000	0.000000
2066	ERBB4	6.000000	7.000000	0.000000	7.000000	0.000000
2067	ERCC1	9.000000	13.000000	0.000000	13.000000	0.000000
3827	KNG1	3.000000	9.250000	0.000000	10.250000	0.000000
3949	LDLR	4.000000	9.500000	0.000000	9.500000	0.000000
10534	SSSCA1	30.000000	20.250000	3.750000	51.375000	0.000000
51474	LIMA1	2.000000	0.000000	0.000000	4.000000	0.000000
1235	CCR6	3.000000	7.250000	0.000000	5.500000	0.000000
317	APAF1	6.000000	12.250000	16.750000	12.250000	0.000000
11200	CHEK2	7.000000	0.000000	0.000000	11.750000	0.000000
921	CD5	1.000000	0.000000	0.000000	5.000000	0.000000
8321	FZD1	5.000000	2.000000	0.000000	9.250000	0.000000
5608	MAP2K6	5.000000	4.250000	0.250000	6.250000	0.000000
836	CASP3	22.000000	10.000000	0.000000	36.000000	0.000000
5091	PC	3.000000	7.000000	0.000000	9.375000	0.000000
157506	RDH10	2.000000	4.500000	0.500000	5.500000	0.000000
3576	IL8	7.000000	0.000000	0.000000	16.500000	0.000000
5601	MAPK9	12.000000	0.000000	0.000000	18.000000	0.000000
3479	IGF1	42.000000	40.750000	0.000000	60.750000	0.000000
4125	MAN2B1	4.000000	4.000000	0.000000	4.500000	0.000000
4221	MEN1	3.000000	0.000000	0.500000	6.000000	0.000000
4495	MT1G	16.000000	19.500000	0.000000	20.000000	0.000000
2662	GDF10	10.000000	4.500000	2.000000	8.500000	0.000000
7431	VIM	38.000000	14.500000	2.500000	97.750000	10.750000
9788	MTSS1	2.000000	0.000000	0.000000	4.000000	0.000000
367	AR	9.000000	9.500000	0.000000	9.500000	0.000000
364	AQP7	2.000000	2.000000	0.000000	6.000000	0.000000
2668	GDNF	5.000000	4.000000	0.000000	6.750000	0.000000
723961	INS-IGF2	1.000000	0.000000	0.000000	4.000000	0.000000
7457	WBS2	7.000000	10.500000	0.000000	10.500000	0.000000
2937	GSS	3.000000	4.500000	0.000000	4.500000	0.000000
2934	GSN	5.000000	0.000000	0.000000	9.500000	0.000000
2932	GSK3B	6.000000	0.000000	0.000000	12.000000	0.000000
2933	GSM1	4.000000	14.000000	0.000000	14.000000	0.000000
54658	UGT1A1	2.000000	6.000000	0.000000	6.000000	0.000000
861	RUNX1	5.000000	1.500000	0.000000	6.500000	0.000000
384	ARG2	24.000000	17.000000	0.000000	48.250000	0.000000
23410	SIRT3	5.000000	11.125000	0.000000	10.125000	0.000000
2353	FOS	16.000000	15.500000	0.000000	19.750000	0.000000
5328	PLAU	33.000000	18.750000	2.000000	57.250000	0.000000
5329	PLAUR	15.000000	24.000000	3.500000	20.750000	2.000000
7867	MAPKAPK3	6.000000	2.500000	0.000000	5.000000	0.000000
10989	IMMT	10.000000	10.500000	0.000000	10.500000	0.000000
5327	PLAT	5.000000	10.000000	2.000000	4.000000	0.000000
5245	PHB	2.000000	0.000000	0.000000	4.000000	0.000000
10987	COPS5	3.000000	7.000000	2.750000	5.000000	0.000000
1649	DDIT3	38.000000	18.750000	0.000000	79.750000	0.000000
5243	ABCB1	5.000000	10.000000	0.000000	10.000000	0.000000
5979	RET	469.000000	621.000000	58.750000	584.500000	78.750000
673	BRAF	323.000000	404.625000	48.875000	419.000000	17.500000
5970	RELA	3.000000	0.000000	0.000000	10.750000	0.000000
573	BAG1	10.000000	1.500000	0.000000	11.000000	0.000000
8743	TNFSF10	2.000000	4.000000	0.000000	7.250000	0.000000
925	CD8A	21.000000	33.000000	4.500000	32.000000	0.000000
60	ACTB	4.000000	0.000000	0.000000	8.500000	0.000000
2194	FASN	7.000000	1.500000	1.000000	8.750000	0.000000
3164	NR4A1	5.000000	0.000000	0.000000	9.500000	0.000000
2806	GOT2	4.000000	5.500000	0.000000	5.500000	0.000000
7096	TLR1	5.000000	5.500000	0.000000	5.250000	0.000000
7097	TLR2	4.000000	2.000000	0.000000	10.750000	0.000000
7094	TLN1	2.000000	0.000000	0.000000	4.500000	0.000000
7158	TP53BP1	2.000000	4.500000	0.000000	4.500000	0.000000
2208	FCER2	3.000000	0.000000	0.000000	6.000000	0.000000
7153	TOP2A	9.000000	6.500000	0.000000	13.500000	0.000000
7099	TLR4	4.000000	2.000000	0.000000	10.750000	0.000000
4602	MYB	9.000000	10.500000	0.000000	18.875000	0.000000
56606	SLC2A9	2.000000	6.000000	0.000000	6.000000	0.000000
250	ALPP	4.000000	6.500000	0.000000	6.500000	0.000000
3316	HSPB2	2.000000	0.000000	0.000000	4.000000	0.000000
147495	APCDD1	3.000000	6.000000	0.000000	6.000000	0.000000
7291	TWIST1	4.000000	20.000000	2.625000	6.250000	0.000000
632	BGLAP	16.000000	33.000000	0.000000	33.000000	0.000000
64400	AKTIP	5.000000	0.000000	0.000000	13.500000	0.000000
7294	TXK	82.000000	105.750000	0.750000	126.625000	0.000000
468	ATF4	2.000000	6.000000	0.000000	6.000000	0.000000
9134	CCNE2	9.000000	4.000000	2.000000	23.750000	0.000000
7298	TYMS	8.000000	0.000000	0.000000	7.000000	7.000000
7299	TYR	6.000000	8.000000	0.000000	8.000000	0.000000
57410	SCYL1	5.000000	0.000000	0.000000	10.500000	0.000000
89846	FGD3	2.000000	2.000000	0.000000	6.000000	0.000000
10643	IGF2BP3	13.000000	9.500000	0.500000	14.750000	0.000000
5555	PRH2	8.000000	14.500000	0.000000	15.500000	0.000000
3728	JUP	5.000000	7.000000	0.000000	8.000000	0.000000
9569	GTF2IRD1	6.000000	12.000000	0.000000	11.250000	0.000000
6950	TCP1	8.000000	9.500000	2.750000	9.500000	0.000000
3725	JUN	9.000000	16.000000	2.750000	14.000000	6.000000
4241	MFI2	3.000000	5.000000	0.000000	14.000000	0.000000
728695	SPANXB1	5.000000	9.000000	0.000000	9.000000	9.000000
11146	GLMN	7.000000	3.250000	0.000000	3.500000	10.000000
4831	NME2	3.000000	6.000000	1.500000	5.000000	1.500000
4684	NCAM1	44.000000	52.750000	0.500000	29.875000	0.000000
3688	ITGB1	2.000000	0.000000	0.000000	4.500000	0.000000
960	CD44	6.000000	12.250000	0.000000	29.500000	0.000000
53905	DUOX1	3.000000	4.000000	0.000000	4.000000	0.000000
3683	ITGAL	2.000000	7.000000	0.000000	4.250000	0.000000
85458	DIXDC1	5.000000	0.000000	0.000000	9.500000	0.000000
113130	CDCA5	3.000000	7.000000	0.000000	7.000000	0.000000
968	CD68	17.000000	25.000000	0.000000	30.750000	0.000000
3685	ITGAV	4.000000	4.500000	0.000000	4.500000	0.000000
1455	CSNK1G2	9.000000	6.500000	0.000000	13.500000	0.000000
64928	MRPL14	5.000000	1.500000	0.000000	6.500000	0.000000
2103	ESRRB	4.000000	2.500000	3.000000	3.500000	2.500000
2101	ESRRA	10.000000	9.000000	2.000000	11.750000	1.500000
2100	ESR2	18.000000	10.500000	2.000000	24.750000	1.500000
6198	RPS6KB1	9.000000	4.000000	4.000000	20.000000	0.000000
6050	RNH1	8.000000	19.000000	0.000000	19.000000	0.000000
1513	CTSK	6.000000	8.500000	0.000000	8.500000	0.000000
53373	TPCN1	19.000000	21.250000	2.250000	14.750000	7.000000
3868	KRT16	4.000000	9.625000	0.000000	7.000000	0.000000
5111	PCNA	40.000000	49.375000	19.750000	83.500000	0.000000
4087	SMAD2	4.000000	0.500000	2.500000	9.250000	0.000000
4088	SMAD3	3.000000	0.500000	2.500000	5.500000	0.000000
4089	SMAD4	9.000000	1.000000	3.000000	13.500000	0.000000
3861	KRT14	3.000000	9.250000	0.000000	10.250000	0.000000
3860	KRT13	3.000000	9.250000	0.000000	10.250000	0.000000
5293	PIK3CD	12.000000	6.000000	0.000000	21.625000	0.000000
5290	PIK3CA	70.000000	56.625000	45.125000	95.750000	2.000000
5291	PIK3CB	66.000000	41.000000	31.250000	79.000000	0.000000
2048	EPHB2	9.000000	0.500000	18.000000	15.500000	0.000000
5054	SERPINE1	15.000000	18.750000	2.000000	26.750000	0.000000
5055	SERPINB2	11.000000	10.000000	2.000000	18.000000	0.000000
23189	KANK1	6.000000	4.500000	2.750000	5.000000	0.000000
23636	NUP62	4.000000	4.000000	4.000000	8.500000	0.000000
3439	IFNA1	4.000000	4.000000	0.000000	4.000000	0.000000
5728	PTEN	136.000000	82.625000	51.625000	173.875000	7.000000
56971	CEACAM19	22.000000	9.375000	0.000000	38.625000	32.500000
7201	TRHR	8.000000	11.500000	0.000000	11.500000	0.000000
7200	TRH	18.000000	41.000000	0.000000	41.000000	0.000000
5727	PTCH1	57.000000	126.750000	0.500000	74.875000	12.000000
203068	TUBB	2.000000	0.000000	0.000000	4.500000	0.000000
5888	RAD51	4.000000	10.000000	0.000000	10.000000	0.000000
10767	HBS1L	8.000000	2.000000	0.000000	13.000000	0.000000
4595	MUTYH	8.000000	0.000000	0.000000	11.000000	0.000000
7472	WNT2	7.000000	9.500000	0.000000	7.500000	0.000000
4842	NOS1	8.000000	5.500000	0.000000	5.500000	0.000000
4843	NOS2	11.000000	8.500000	2.000000	8.500000	2.000000
890	CCNA2	12.000000	4.000000	2.000000	23.875000	1.000000
891	CCNB1	2.000000	4.000000	2.000000	12.000000	0.000000
10263	CDK2AP2	9.000000	12.500000	0.000000	12.000000	0.000000
894	CCND2	11.000000	1.000000	0.000000	21.000000	0.000000
896	CCND3	5.000000	0.000000	0.000000	7.250000	0.000000
898	CCNE1	8.000000	12.500000	0.000000	12.500000	0.000000
1152	CKB	4.000000	5.500000	0.000000	5.500000	0.000000
4790	NFKB1	24.000000	27.000000	4.500000	25.500000	3.000000
4792	NFKBIA	7.000000	5.500000	4.500000	5.500000	3.000000
6667	SP1	6.000000	4.500000	7.000000	11.500000	6.000000
51705	EMCN	7.000000	0.000000	0.000000	14.500000	0.000000
8082	SSPN	5.000000	0.500000	0.500000	4.250000	0.000000
356	FASLG	4.000000	0.000000	0.000000	7.500000	0.000000
355	FAS	18.000000	14.500000	0.000000	21.500000	0.000000
808	CALM3	3.000000	0.000000	0.000000	8.000000	0.000000
8857	FCGBP	7.000000	2.000000	0.000000	7.500000	0.000000
8854	ALDH1A2	2.000000	4.500000	0.500000	5.500000	0.000000
728045	PPBPP1	3.000000	6.500000	0.000000	6.500000	0.000000
64781	CERK	4.000000	6.000000	0.000000	4.875000	0.000000
55852	TEX2	3.000000	0.000000	0.000000	8.000000	0.000000
213	ALB	23.000000	36.500000	0.000000	36.500000	0.000000
89941	RHOT2	13.000000	28.000000	0.500000	39.750000	0.000000
2969	GTF2I	3.000000	9.000000	0.000000	8.750000	0.000000
112744	IL17F	2.000000	0.000000	2.000000	6.000000	0.000000
5473	PPBP	111.000000	232.750000	0.000000	235.000000	7.000000
6872	TAF1	15.000000	4.500000	17.750000	9.500000	0.000000
6080	SNORA73A	5.000000	11.750000	4.500000	10.750000	0.000000
3046	HBE1	80.000000	126.875000	1.000000	133.125000	1.000000
2321	FLT1	36.000000	27.000000	18.000000	48.000000	7.000000
150094	SIK1	6.000000	8.500000	0.500000	15.250000	0.000000
6648	SOD2	4.000000	6.500000	0.000000	4.750000	0.000000
51172	NAGPA	1.000000	1.000000	0.000000	3.875000	0.000000
2324	FLT4	10.000000	14.000000	0.000000	12.875000	0.000000
7052	TGM2	10.000000	26.250000	0.000000	28.250000	0.000000
7053	TGM3	1.000000	4.250000	4.500000	4.250000	0.000000
6647	SOD1	4.000000	6.500000	0.000000	4.750000	0.000000
10189	ALYREF	7.000000	10.500000	0.000000	10.500000	0.000000
7057	THBS1	10.000000	6.000000	0.000000	14.500000	0.000000
5906	RAP1A	4.000000	6.000000	0.000000	9.625000	0.000000
54757	FAM20A	6.000000	4.500000	0.000000	5.250000	0.000000
51083	GAL	6.000000	1.750000	0.000000	5.250000	0.000000
285	ANGPT2	10.000000	3.500000	2.500000	3.500000	2.500000
284	ANGPT1	10.000000	3.500000	2.500000	3.500000	2.500000
3489	IGFBP6	4.000000	9.000000	0.000000	9.500000	0.000000
3488	IGFBP5	4.000000	5.000000	0.000000	6.500000	0.000000
29126	CD274	5.000000	9.500000	0.000000	9.000000	0.000000
3481	IGF2	34.000000	27.500000	0.500000	40.250000	0.000000
3480	IGF1R	23.000000	21.500000	0.000000	32.250000	0.000000
6996	TDG	24.000000	44.000000	0.000000	44.000000	0.000000
494324	MIR375	8.000000	15.500000	0.000000	10.500000	0.000000
3486	IGFBP3	13.000000	11.000000	0.000000	26.500000	0.000000
3134	HLA-F	8.000000	13.125000	0.000000	13.625000	0.000000
268	AMH	4.000000	0.500000	0.000000	15.500000	0.000000
3643	INSR	6.000000	4.500000	0.000000	5.250000	0.000000
6010	RHO	7.000000	8.500000	0.000000	8.500000	0.000000
4649	MYO9A	2.000000	0.000000	0.000000	4.500000	0.000000
3039	HBA1	10.000000	10.500000	0.000000	10.500000	0.000000
6016	RIT1	2.000000	6.000000	0.000000	6.000000	0.000000
1588	CYP19A1	6.000000	4.500000	2.750000	5.000000	0.000000
116496	FAM129A	24.000000	20.000000	0.000000	60.750000	0.000000
2258	FGF13	5.000000	5.500000	2.250000	6.750000	0.000000
6416	MAP2K4	4.000000	4.500000	0.000000	4.500000	0.000000
1081	CGA	1.000000	3.250000	2.250000	6.750000	2.250000
2250	FGF5	6.000000	8.500000	0.000000	9.000000	0.000000
23671	TMEFF2	5.000000	2.750000	0.000000	8.000000	0.000000
5158	PDE6B	3.000000	0.000000	0.000000	8.000000	0.000000
2475	MTOR	24.000000	20.000000	10.500000	28.500000	11.500000
8031	NCOA4	25.000000	59.750000	0.500000	38.625000	0.000000
8030	CCDC6	6.000000	15.625000	0.000000	7.625000	0.000000
4893	NRAS	29.000000	53.750000	0.000000	69.125000	2.500000
983	CDK1	12.000000	0.000000	0.000000	19.500000	0.000000
23774	BRD1	4.000000	0.000000	7.000000	7.000000	0.000000
5154	PDGFA	10.000000	8.000000	0.000000	8.000000	0.000000
10046	MAMLD1	5.000000	11.500000	0.000000	11.500000	0.000000
5156	PDGFRA	6.000000	4.000000	0.000000	4.000000	0.000000
5605	MAP2K2	14.000000	11.000000	0.000000	18.000000	0.000000
7979	SHFM1	5.000000	9.750000	0.000000	9.750000	0.000000
5602	MAPK10	9.000000	0.500000	18.000000	15.500000	0.000000
5609	MAP2K7	15.000000	12.750000	0.250000	16.125000	0.000000
5763	PTMS	3.000000	2.000000	0.000000	6.000000	0.000000
2784	GNB3	4.000000	6.000000	0.000000	11.000000	0.000000
207	AKT1	162.000000	91.125000	52.625000	222.375000	6.500000
6510	SLC1A5	3.000000	4.500000	0.000000	4.500000	0.000000
1902	LPAR1	6.000000	8.500000	0.000000	8.000000	0.000000
6513	SLC2A1	10.000000	22.000000	0.000000	20.375000	0.000000
5562	PRKAA1	2.000000	0.000000	0.000000	4.500000	0.000000
5168	ENPP2	19.000000	2.250000	1.000000	28.500000	0.000000
2175	FANCA	17.000000	20.000000	0.500000	17.750000	0.000000
2073	ERCC5	9.000000	13.000000	0.000000	13.000000	0.000000
3845	KRAS	33.000000	20.000000	0.500000	47.125000	4.500000
916	CD3E	7.000000	11.500000	0.000000	4.000000	0.000000
911	CD1C	4.000000	0.500000	0.000000	5.500000	0.000000
196883	ADCY4	10.000000	10.000000	0.000000	29.500000	0.000000
25802	LMOD1	2.000000	0.000000	0.000000	3.125000	1.000000
2074	ERCC6	9.000000	13.000000	0.000000	13.000000	0.000000
308	ANXA5	13.000000	14.250000	0.000000	20.500000	0.000000
10135	NAMPT	5.000000	11.125000	0.000000	10.125000	0.000000
3958	LGALS3	191.000000	185.250000	24.125000	363.625000	2.000000
3815	KIT	12.000000	6.500000	18.000000	21.750000	1.000000
3952	LEP	5.000000	10.000000	0.000000	10.000000	0.000000
302	ANXA2	4.000000	1.000000	1.000000	7.000000	0.000000
3956	LGALS1	5.000000	3.000000	0.000000	9.750000	0.000000
3265	HRAS	53.000000	77.250000	11.750000	106.625000	2.500000
3848	KRT1	17.000000	7.250000	2.750000	21.000000	1.000000
9644	SH3PXD2A	1.000000	6.000000	0.000000	5.000000	0.000000
5126	PCSK2	11.000000	1.000000	0.000000	21.000000	0.000000
10421	CD2BP2	4.000000	0.000000	0.000000	8.500000	0.000000
58164	RBPJP3	3.000000	0.500000	0.000000	8.125000	0.000000
842	CASP9	6.000000	0.000000	0.000000	7.500000	0.000000
841	CASP8	6.000000	0.000000	0.000000	7.500000	0.000000
3502	IGHG3	2.000000	6.000000	0.000000	6.000000	0.000000
4968	OGG1	15.000000	15.000000	0.000000	26.000000	0.000000
51350	KRT76	8.000000	21.750000	0.000000	14.750000	6.000000
6257	RXRB	2.000000	4.500000	0.500000	5.500000	0.000000
2673	GFPT1	7.000000	0.000000	2.000000	5.500000	0.000000
7424	VEGFC	11.000000	17.000000	7.750000	14.500000	0.000000
7422	VEGFA	89.000000	87.500000	9.500000	136.500000	14.000000
7421	VDR	8.000000	7.000000	2.000000	6.500000	0.000000
2678	GGT1	8.000000	7.500000	0.000000	4.500000	0.000000
50506	DUOX2	5.000000	8.000000	2.000000	16.000000	0.000000
450092	KTCN2	5.000000	0.500000	0.500000	4.250000	0.000000
7428	VHL	9.000000	2.000000	0.000000	16.500000	0.000000
2778	GNAS	18.000000	34.750000	0.500000	33.250000	0.000000
9261	MAPKAPK2	8.000000	7.500000	0.000000	7.500000	7.000000
10376	TUBA1B	3.000000	4.250000	0.000000	4.500000	0.000000
7018	TF	5.000000	0.500000	0.250000	10.500000	0.250000
7015	TERT	39.000000	26.500000	3.500000	63.750000	2.500000
7010	TEK	10.000000	3.500000	2.500000	3.500000	2.500000
7011	TEP1	30.000000	17.000000	3.500000	43.250000	6.500000
5947	RBP1	2.000000	4.500000	0.500000	5.500000	0.000000
4851	NOTCH1	9.000000	7.000000	0.500000	10.750000	0.000000
4067	LYN	9.000000	6.500000	0.000000	13.500000	0.000000
1733	DIO1	7.000000	0.000000	0.000000	15.000000	0.000000
1735	DIO3	1.000000	0.000000	0.000000	5.000000	0.000000
1734	DIO2	4.000000	0.000000	0.000000	5.500000	0.000000
10859	LILRB1	4.000000	12.000000	0.000000	12.000000	0.000000
2770	GNAI1	4.000000	14.000000	0.000000	14.000000	0.000000
796	CALCA	175.000000	102.250000	16.250000	272.125000	231.500000
5788	PTPRC	11.000000	13.500000	0.000000	14.750000	0.000000
574447	MIR146B	12.000000	27.500000	0.000000	22.500000	0.000000
3606	IL18	2.000000	5.000000	0.000000	5.000000	0.000000
754	PTTG1IP	4.000000	6.000000	0.000000	6.000000	0.000000
28888	IGKV2D-18	6.000000	7.000000	0.000000	7.000000	0.000000
29952	DPP7	4.000000	2.000000	0.000000	7.000000	0.000000
55869	HDAC8	6.000000	0.250000	6.750000	4.750000	0.000000
1594	CYP27B1	17.000000	22.000000	2.000000	21.500000	0.000000
1591	CYP24A1	26.000000	37.000000	2.000000	36.500000	0.000000
4609	MYC	33.000000	19.500000	2.000000	42.750000	0.000000
4582	MUC1	21.000000	37.250000	0.000000	15.000000	0.000000
225	ABCD2	10.000000	17.625000	4.500000	17.875000	0.000000
154141	MBOAT1	7.000000	10.500000	0.000000	10.500000	0.000000
2950	GSTP1	14.000000	6.750000	1.000000	24.500000	0.000000
2952	GSTT1	14.000000	17.750000	0.000000	17.500000	0.000000
7080	NKX2-1	106.000000	81.750000	7.000000	156.000000	22.000000
1027	CDKN1B	25.000000	14.250000	3.750000	37.250000	0.000000
1026	CDKN1A	38.000000	38.000000	8.250000	72.250000	0.000000
5340	PLG	22.000000	10.000000	2.000000	35.500000	0.000000
7086	TKT	9.000000	10.250000	6.750000	14.750000	0.000000
1029	CDKN2A	41.000000	44.000000	8.875000	67.125000	2.500000
1028	CDKN1C	8.000000	12.500000	0.000000	12.500000	0.000000
5443	POMC	3.000000	2.000000	0.250000	6.000000	0.000000
51129	ANGPTL4	2.000000	2.000000	0.000000	6.000000	0.000000
111	ADCY5	3.000000	4.500000	4.500000	11.750000	0.000000
6696	SPP1	6.000000	0.000000	0.000000	13.000000	0.000000
2354	FOSB	5.000000	0.000000	0.000000	9.500000	0.000000
1164	CKS2	4.000000	0.000000	0.000000	10.125000	0.000000
6277	S100A6	5.000000	8.250000	0.000000	3.750000	0.000000
406903	MIR10B	12.000000	0.000000	0.000000	17.500000	0.000000
156	ADRBK1	7.000000	8.500000	0.000000	8.500000	0.000000
10671	DCTN6	4.000000	0.000000	0.000000	7.375000	0.000000
7157	TP53	182.000000	179.125000	105.250000	332.625000	0.000000
5741	PTH	11.000000	23.500000	0.000000	23.500000	0.000000
58492	ZNF77	4.000000	11.000000	0.000000	11.000000	0.000000
8277	TKTL1	3.000000	4.500000	0.000000	4.500000	0.000000
1890	TYMP	12.000000	9.000000	0.000000	16.000000	7.000000
30813	VSX1	8.000000	9.500000	2.750000	9.500000	0.000000
4922	NTS	3.000000	0.000000	0.000000	7.750000	0.250000
1806	DPYD	8.000000	0.000000	0.000000	7.000000	7.000000
3108	HLA-DMA	9.000000	6.500000	0.000000	13.500000	0.000000
26766	RNU105C	1.000000	4.250000	4.500000	4.250000	0.000000
11076	TPPP	48.000000	19.500000	2.500000	89.375000	0.000000
3101	HK3	8.000000	0.000000	0.000000	8.750000	0.000000
27065	NSG1	3.000000	0.500000	0.000000	4.750000	0.000000
1380	CR2	3.000000	0.000000	0.000000	6.000000	0.000000
1113	CHGA	6.000000	0.250000	0.250000	11.250000	5.750000
1119	CHKA	5.000000	11.500000	0.000000	11.500000	0.000000
1351	COX8A	4.000000	0.000000	0.000000	6.000000	0.000000
10178	TENM1	4.000000	0.500000	0.000000	15.500000	0.000000
4092	SMAD7	4.000000	0.500000	2.500000	9.250000	0.000000
4091	SMAD6	4.000000	0.500000	2.500000	9.250000	0.000000
5167	ENPP1	11.000000	1.500000	1.000000	8.500000	0.000000
50945	TBX22	6.000000	7.000000	2.000000	4.000000	0.000000
50944	SHANK1	6.000000	8.000000	0.000000	8.000000	0.000000
2033	EP300	2.000000	6.000000	0.000000	6.000000	0.000000
2644	GCHFR	8.000000	9.500000	2.750000	9.500000	0.000000
1356	CP	4.000000	0.500000	0.250000	9.250000	1.000000
5743	PTGS2	30.000000	24.250000	3.250000	46.500000	2.000000
5737	PTGFR	6.000000	4.000000	0.000000	4.000000	0.000000
23583	SMUG1	9.000000	18.000000	0.000000	18.000000	0.000000
11319	ECD	2.000000	0.000000	0.000000	8.000000	0.000000
118429	ANTXR2	8.000000	0.000000	0.000000	18.875000	6.125000
9212	AURKB	9.000000	9.500000	0.000000	9.500000	0.000000
6521	SLC4A1	16.000000	16.750000	0.000000	36.875000	0.000000
5160	PDHA1	9.000000	13.500000	0.000000	13.500000	0.000000
1803	DPP4	47.000000	37.500000	19.750000	88.750000	2.750000
1801	DPH1	6.000000	8.000000	0.000000	8.000000	0.000000
1800	DPEP1	3.000000	4.000000	0.000000	4.000000	0.000000
6462	SHBG	4.000000	5.500000	0.000000	5.500000	0.000000
80381	CD276	1.000000	1.000000	0.000000	3.875000	0.000000
1366	CLDN7	5.000000	10.250000	0.000000	8.375000	0.000000
6335	SCN9A	2.000000	5.000000	0.000000	5.000000	0.000000
6336	SCN10A	7.000000	10.000000	0.000000	10.000000	0.000000
4588	MUC6	5.000000	14.000000	0.000000	5.000000	0.000000
407049	MIR92A2	12.000000	0.000000	0.000000	17.500000	0.000000
7849	PAX8	256.000000	235.000000	27.000000	452.750000	2.000000
6237	RRAS	3.000000	0.500000	0.000000	8.125000	0.000000
4586	MUC5AC	5.000000	14.000000	0.000000	5.000000	0.000000
9518	GDF15	11.000000	1.000000	0.000000	21.000000	0.000000
4583	MUC2	5.000000	14.000000	0.000000	5.000000	0.000000
63892	THADA	3.000000	0.500000	0.000000	4.750000	0.000000
