26471	NUPR1	3.000000	0.000000	0.000000	0.000000	6.500000
5657	PRTN3	4.000000	0.000000	0.000000	0.000000	11.000000
9771	RAPGEF5	3.000000	0.000000	0.000000	0.000000	7.000000
4782	NFIC	2.000000	4.500000	0.000000	4.500000	6.000000
3258	HPT	2.000000	0.000000	0.000000	0.000000	6.000000
3553	IL1B	3.000000	0.000000	0.000000	0.000000	8.000000
3551	IKBKB	2.000000	0.000000	0.000000	0.000000	6.500000
5829	PXN	8.000000	0.000000	0.000000	0.000000	12.500000
3559	IL2RA	4.000000	0.000000	0.000000	0.000000	10.500000
3558	IL2	27.000000	0.000000	0.000000	0.000000	79.000000
3850	KRT3	12.000000	0.000000	0.000000	0.000000	34.750000
3851	KRT4	6.000000	0.000000	0.000000	0.000000	12.000000
100126299	VTRNA2-1	9.000000	4.000000	0.000000	0.000000	6.000000
51285	RASL12	2.000000	0.000000	0.000000	0.000000	4.500000
11069	RAPGEF4	4.000000	0.000000	0.000000	0.000000	10.500000
1791	DNTT	5.000000	0.000000	0.000000	0.000000	11.500000
4684	NCAM1	6.000000	0.000000	0.000000	0.000000	14.500000
54738	FEV	15.000000	7.500000	0.000000	7.500000	18.500000
6038	RNASE4	6.000000	0.000000	0.000000	0.000000	17.000000
1490	CTGF	2.000000	0.000000	0.000000	0.000000	7.250000
7044	LEFTY2	3.000000	0.000000	0.000000	0.000000	9.000000
4685	NCAM2	4.000000	0.000000	0.000000	0.000000	12.000000
5465	PPARA	7.000000	1.500000	0.000000	1.625000	4.000000
7040	TGFB1	9.000000	7.500000	1.000000	3.000000	16.500000
5468	PPARG	7.000000	2.000000	1.500000	2.000000	3.000000
7124	TNF	15.000000	0.000000	0.000000	0.000000	30.000000
407050	MIR93	8.000000	0.000000	0.000000	0.000000	14.500000
5266	PI3	4.000000	0.000000	0.000000	0.000000	12.500000
5265	SERPINA1	10.000000	1.000000	0.000000	1.000000	24.000000
6790	AURKA	2.000000	0.000000	0.000000	0.000000	6.000000
6654	SOS1	4.000000	0.000000	0.000000	0.000000	9.000000
1999	ELF3	7.000000	0.000000	0.000000	0.000000	12.000000
292	SLC25A5	11.000000	0.000000	0.000000	2.250000	14.000000
1629	DBT	5.000000	0.000000	0.000000	0.000000	11.000000
4489	MT1A	22.000000	0.000000	0.000000	0.000000	35.500000
1087	CEACAM7	39.000000	1.000000	0.000000	1.000000	84.500000
590	BCHE	4.000000	0.000000	0.000000	0.000000	10.500000
1084	CEACAM3	222.000000	19.250000	8.000000	15.500000	461.500000
595	CCND1	33.000000	0.000000	0.000000	0.000000	64.500000
1081	CGA	18.000000	0.250000	0.000000	4.250000	37.000000
596	BCL2	73.000000	1.500000	10.250000	1.500000	147.000000
599	BCL2L2	4.000000	0.000000	0.000000	0.000000	10.500000
598	BCL2L1	23.000000	0.000000	0.000000	0.000000	41.000000
196	AHR	2.000000	0.000000	0.000000	0.750000	6.000000
140805	HT	3.000000	0.000000	0.000000	0.000000	10.000000
190	NR0B1	6.000000	0.000000	0.000000	0.000000	12.000000
55835	CENPJ	13.000000	5.000000	0.500000	5.000000	9.000000
275	AMT	4.000000	0.000000	0.000000	0.000000	10.500000
2268	FGR	3.000000	0.000000	0.000000	0.000000	8.250000
1019	CDK4	4.000000	0.000000	0.000000	0.000000	10.000000
1401	CRP	5.000000	0.000000	0.000000	0.000000	6.500000
1017	CDK2	2.000000	0.000000	0.000000	0.000000	5.000000
2264	FGFR4	3.000000	0.000000	0.000000	0.000000	8.250000
4214	MAP3K1	34.000000	12.000000	0.000000	12.000000	48.500000
1236	CCR7	6.000000	4.000000	0.000000	0.750000	4.000000
4193	MDM2	4.000000	0.000000	0.000000	0.000000	11.750000
442897	MIR323A	8.000000	0.000000	0.000000	0.000000	14.500000
9842	PLEKHM1	40.000000	0.000000	0.000000	0.000000	77.500000
6935	ZEB1	7.000000	0.000000	0.000000	0.000000	12.000000
5777	PTPN6	4.000000	0.000000	0.000000	0.000000	9.500000
2520	GAST	183.000000	4.250000	3.250000	4.500000	366.500000
6271	S100A1	4.000000	0.000000	0.000000	0.125000	9.125000
90226	UCN2	2.000000	0.000000	0.000000	0.000000	5.000000
6508	SLC4A3	4.000000	0.000000	0.000000	0.000000	9.000000
11005	SPINK5	7.000000	0.000000	0.000000	0.000000	10.500000
79812	MMRN2	6.000000	1.000000	0.000000	0.000000	9.500000
2048	EPHB2	5.000000	0.000000	0.000000	0.000000	7.000000
94025	MUC16	8.000000	0.000000	0.000000	0.000000	14.000000
642	BLMH	6.000000	1.000000	3.000000	1.000000	3.000000
1244	ABCC2	5.000000	0.000000	0.000000	0.000000	7.000000
648	BMI1	8.000000	2.000000	0.000000	0.000000	11.500000
1027	CDKN1B	23.000000	1.250000	0.000000	1.250000	46.500000
122042	RXFP2	6.000000	0.000000	0.000000	0.000000	21.000000
10413	YAP1	6.000000	0.000000	0.000000	0.000000	7.500000
9734	HDAC9	6.000000	0.000000	0.000000	0.000000	12.500000
7345	UCHL1	3.000000	0.000000	0.000000	0.000000	7.000000
1909	EDNRA	2.000000	0.000000	0.000000	0.000000	4.750000
5130	PCYT1A	31.000000	0.000000	0.000000	0.000000	43.500000
5708	PSMD2	2.000000	0.000000	0.000000	0.000000	6.000000
3458	IFNG	12.000000	0.000000	0.000000	0.000000	28.500000
5707	PSMD1	5.000000	0.000000	0.000000	0.000000	14.000000
5783	PTPN13	4.000000	0.000000	0.000000	0.000000	10.500000
2688	GH1	11.000000	0.000000	0.000000	0.000000	25.750000
2689	GH2	7.000000	0.000000	0.000000	0.000000	15.000000
6202	RPS8	5.000000	0.000000	0.000000	0.000000	10.500000
23436	CELA3B	3.000000	0.000000	0.000000	0.000000	7.000000
4771	NF2	3.000000	0.000000	0.000000	0.000000	8.250000
90427	BMF	6.000000	1.000000	3.000000	1.000000	3.000000
1991	ELANE	2.000000	0.000000	0.000000	0.000000	5.000000
10841	FTCD	8.000000	0.000000	0.000000	7.000000	7.000000
6752	SSTR2	30.000000	2.500000	0.000000	2.000000	69.500000
6753	SSTR3	11.000000	0.000000	0.000000	0.000000	19.500000
6750	SST	480.000000	32.875000	17.000000	36.750000	1015.875000
6751	SSTR1	79.000000	0.875000	0.000000	1.375000	161.000000
100271873	AIRN	2.000000	0.500000	0.500000	0.500000	5.000000
6755	SSTR5	40.000000	0.000000	0.000000	0.000000	93.750000
5792	PTPRF	3.000000	0.000000	0.000000	0.000000	9.000000
8837	CFLAR	6.000000	1.000000	3.000000	1.000000	3.000000
22882	ZHX2	50.000000	12.500000	0.000000	13.000000	89.000000
551	AVP	4.000000	0.000000	0.000000	0.000000	10.500000
3630	INS	27.000000	0.500000	0.000000	0.750000	64.500000
3060	HCRT	6.000000	0.000000	0.000000	0.000000	20.000000
7173	TPO	16.000000	6.125000	2.250000	9.750000	20.500000
4613	MYCN	14.000000	0.000000	0.000000	0.000000	37.500000
407009	MIR224	8.000000	0.000000	0.000000	0.000000	14.500000
1056	CEL	8.000000	7.500000	0.000000	7.500000	7.000000
50975	TCO	2.000000	0.000000	0.000000	0.000000	6.000000
3342	HTC2	5.000000	0.000000	0.000000	0.000000	14.500000
3340	NDST1	5.000000	0.000000	0.000000	0.000000	11.500000
7077	TIMP2	10.000000	0.000000	0.000000	0.000000	17.750000
5925	RB1	31.000000	0.000000	0.000000	0.000000	59.500000
5921	RASA1	122.000000	41.500000	2.500000	25.750000	208.500000
1499	CTNNB1	7.000000	0.000000	0.000000	0.000000	10.500000
1757	SARDH	7.000000	0.000000	0.000000	0.000000	13.000000
27344	PCSK1N	2.000000	0.000000	0.000000	0.000000	6.000000
2674	GFRA1	21.000000	0.000000	0.000000	0.000000	48.500000
1278	COL1A2	6.000000	0.000000	0.000000	0.000000	14.500000
4313	MMP2	10.000000	0.000000	0.000000	0.000000	17.750000
142	PARP1	24.000000	0.000000	0.000000	0.000000	47.500000
8165	AKAP1	2.000000	0.250000	0.000000	0.250000	6.000000
3439	IFNA1	4.000000	0.000000	0.000000	0.000000	10.500000
406930	MIR138-2	7.000000	0.000000	0.000000	0.000000	12.000000
5068	REG3A	7.000000	0.000000	7.000000	0.125000	19.000000
5536	PPP5C	4.000000	0.000000	0.000000	0.000000	12.000000
5539	PPY	3.000000	0.000000	0.000000	0.000000	8.250000
8797	TNFRSF10A	4.000000	0.000000	0.000000	0.000000	10.500000
11168	PSIP1	3.000000	0.000000	0.000000	0.000000	5.500000
1280	COL2A1	4.000000	0.000000	0.000000	0.000000	7.000000
5460	POU5F1	6.000000	3.500000	0.000000	5.000000	5.000000
4916	NTRK3	11.000000	0.000000	0.000000	0.000000	22.500000
947	CD34	13.000000	1.000000	0.000000	0.000000	28.000000
4914	NTRK1	127.000000	23.500000	0.500000	11.500000	223.500000
4915	NTRK2	11.000000	0.000000	0.000000	0.000000	22.500000
943	TNFRSF8	6.000000	7.000000	4.500000	6.500000	6.000000
8767	RIPK2	3.000000	0.000000	0.000000	0.000000	6.000000
2539	G6PD	2.000000	0.000000	0.000000	0.000000	6.000000
388677	NOTCH2NL	4.000000	0.000000	0.000000	0.000000	9.000000
1572	CYP2F1	11.000000	2.000000	0.000000	2.000000	17.500000
686	BTD	2.000000	0.000000	0.000000	0.125000	6.000000
5464	PPA1	6.000000	2.000000	0.000000	0.000000	9.500000
7200	TRH	19.000000	0.000000	0.000000	0.500000	30.000000
5175	PECAM1	9.000000	1.000000	0.000000	0.000000	19.500000
57324	TSE2	6.000000	2.000000	0.000000	0.000000	10.000000
5179	PENK	7.000000	0.000000	0.000000	0.125000	17.125000
5741	PTH	22.000000	0.000000	0.000000	0.000000	57.250000
5742	PTGS1	11.000000	0.000000	0.000000	0.000000	27.000000
7389	UROD	10.000000	0.000000	0.000000	0.000000	17.500000
5744	PTHLH	5.000000	0.000000	0.000000	0.000000	14.000000
22934	RPIA	13.000000	0.000000	0.000000	0.000000	26.500000
5747	PTK2	18.000000	0.000000	0.000000	0.000000	30.500000
4221	MEN1	14.000000	0.000000	0.000000	0.000000	30.000000
25	ABL1	6.000000	0.000000	0.000000	0.000000	12.500000
26	AOC1	11.000000	0.000000	0.000000	0.000000	27.250000
6571	SLC18A2	6.000000	0.000000	0.000000	0.000000	9.000000
54858	PGPEP1	3.000000	0.000000	0.000000	0.000000	10.000000
6473	SHOX	2.000000	0.000000	0.000000	0.000000	4.500000
5623	PSPN	14.000000	2.000000	0.000000	0.000000	34.000000
9564	BCAR1	8.000000	0.000000	0.000000	0.000000	12.500000
4860	PNP	7.000000	0.000000	0.000000	0.000000	11.500000
3938	LCT	5.000000	0.000000	0.000000	0.000000	16.000000
1956	EGFR	80.000000	3.500000	2.750000	2.000000	177.250000
9247	GCM2	4.000000	0.000000	0.000000	0.000000	9.000000
10882	C1QL1	3.000000	0.000000	0.000000	0.000000	5.500000
6717	SRI	26.000000	0.000000	0.000000	0.000000	57.500000
6714	SRC	11.000000	0.000000	0.000000	0.000000	20.500000
23373	CRTC1	8.000000	4.500000	0.000000	4.500000	4.500000
3248	HPGD	1.000000	0.000000	0.000000	0.000000	4.000000
7252	TSHB	16.000000	8.500000	2.750000	12.500000	27.250000
7253	TSHR	48.000000	9.500000	2.250000	11.250000	59.625000
8879	SGPL1	2.000000	0.000000	0.000000	0.000000	6.000000
7526	YESP	5.000000	0.000000	0.000000	0.000000	10.500000
5697	PYY	2.000000	0.000000	0.000000	0.000000	5.000000
3848	KRT1	19.000000	2.500000	2.250000	3.000000	30.250000
7528	YY1	3.000000	0.000000	0.000000	0.000000	10.000000
820	CAMP	2.000000	0.000000	0.000000	0.000000	4.500000
6855	SYP	33.000000	0.500000	0.000000	1.250000	89.250000
706	TSPO	4.000000	0.000000	0.000000	0.000000	14.500000
5664	PSEN2	5.000000	0.000000	0.000000	2.000000	11.500000
94233	OPN4	12.000000	1.125000	1.250000	1.875000	31.125000
7031	TFF1	14.000000	4.000000	0.000000	4.000000	23.500000
7038	TG	280.000000	143.875000	39.000000	229.750000	546.750000
58492	ZNF77	10.000000	0.000000	0.000000	0.000000	14.000000
87	ACTN1	18.000000	4.000000	0.000000	0.750000	25.000000
7137	TNNI3	4.000000	0.000000	0.000000	0.000000	9.500000
154141	MBOAT1	4.000000	0.000000	0.000000	0.000000	10.500000
796	CALCA	2995.000000	230.500000	47.500000	279.250000	6173.125000
793	CALB1	5.000000	0.000000	0.000000	0.000000	14.000000
4041	LRP5	4.000000	0.000000	0.000000	0.000000	7.000000
2069	EREG	9.000000	0.000000	0.000000	0.000000	22.000000
6789	STK4	4.000000	0.000000	0.000000	0.000000	7.000000
6667	SP1	2.000000	4.500000	0.000000	4.500000	6.000000
799	CALCR	11.000000	0.000000	0.000000	0.000000	23.500000
51752	ERAP1	2.000000	0.000000	0.000000	0.000000	5.000000
581	BAX	24.000000	0.000000	0.000000	0.000000	41.000000
3669	ISG20	8.000000	0.000000	0.000000	0.000000	10.000000
339390	CLEC4G	2.000000	0.000000	0.000000	0.000000	6.000000
11082	ESM1	6.000000	0.000000	0.000000	0.000000	14.500000
1277	COL1A1	6.000000	0.000000	0.000000	0.000000	14.500000
1436	CSF1R	4.000000	0.000000	0.000000	0.000000	9.000000
1437	CSF2	18.000000	0.000000	0.000000	0.000000	43.500000
2277	FIGF	20.000000	0.000000	0.000000	0.000000	42.000000
7149	TOC	10.000000	0.000000	0.000000	0.000000	12.000000
3396	ICT1	19.000000	0.000000	0.000000	0.000000	58.500000
2796	GNRH1	5.000000	0.000000	0.000000	0.000000	12.500000
148252	DIRAS1	2.000000	0.000000	0.000000	0.000000	6.000000
3014	H2AFX	7.000000	0.000000	0.000000	0.000000	12.500000
29844	TFPT	5.000000	0.500000	0.500000	0.500000	4.500000
518	ATP5G3	8.000000	0.000000	0.000000	0.000000	10.000000
29922	NME7	2.000000	0.000000	0.000000	0.000000	5.000000
27319	BHLHE22	2.000000	0.000000	0.000000	0.000000	5.000000
3592	IL12A	3.000000	0.000000	0.000000	0.000000	7.000000
627	BDNF	5.000000	0.000000	0.000000	0.000000	13.500000
23552	CDK20	7.000000	0.000000	0.000000	0.000000	12.000000
10308	ZNF267	3.000000	0.000000	0.000000	0.000000	8.000000
10301	DLEU1	5.000000	0.000000	0.000000	0.000000	9.500000
406968	MIR193A	7.000000	0.000000	0.000000	0.000000	12.000000
4435	CITED1	7.000000	1.500000	0.000000	1.625000	4.000000
7857	SCG2	11.000000	2.000000	0.000000	8.125000	18.000000
1870	E2F2	2.000000	0.000000	0.000000	0.000000	4.500000
1871	E2F3	4.000000	0.000000	0.000000	0.000000	9.000000
174	AFP	5.000000	0.000000	0.000000	0.000000	15.500000
4342	MOS	4.000000	0.000000	0.000000	0.000000	10.000000
976	CD97	7.000000	0.000000	1.000000	0.000000	6.500000
11156	PTP4A3	3.000000	0.000000	0.000000	0.000000	7.000000
597	BCL2A1	8.000000	2.000000	0.000000	0.000000	11.500000
2885	GRB2	4.000000	0.000000	0.000000	0.000000	6.500000
6285	S100B	11.000000	0.000000	0.000000	3.000000	23.000000
7490	WT1	15.000000	0.000000	0.000000	0.000000	31.500000
3693	ITGB5	8.000000	0.000000	0.000000	0.000000	12.500000
9402	GRAP2	4.000000	0.000000	0.000000	0.000000	6.500000
1509	CTSD	2.000000	0.000000	0.000000	0.000000	5.000000
6366	CCL21	6.000000	4.000000	0.000000	0.750000	4.000000
3082	HGF	18.000000	0.000000	0.000000	1.000000	30.500000
1644	DDC	6.000000	0.000000	0.000000	0.000000	12.000000
3875	KRT18	6.000000	0.000000	0.000000	0.000000	14.500000
1125	CHR	6.000000	0.000000	0.000000	0.000000	12.500000
10018	BCL2L11	2.000000	0.000000	0.000000	0.000000	5.000000
5894	RAF1	58.000000	0.500000	0.000000	0.500000	125.500000
1910	EDNRB	15.000000	0.000000	0.000000	0.000000	26.500000
23237	ARC	1.000000	0.000000	0.000000	0.000000	4.000000
6402	SELL	8.000000	0.375000	0.000000	0.375000	19.500000
10	NAT2	11.000000	2.000000	0.000000	2.000000	17.500000
3881	KRT31	4.000000	0.000000	0.000000	0.000000	8.500000
3880	KRT19	7.000000	1.500000	0.000000	1.625000	4.000000
54802	TRIT1	3.000000	0.000000	0.000000	0.000000	10.000000
1796	DOK1	2.000000	0.000000	0.000000	0.000000	3.000000
3445	IFNA8	5.000000	0.500000	0.500000	0.750000	6.500000
406991	MIR21	8.000000	0.000000	0.000000	0.000000	14.500000
3441	IFNA4	5.000000	0.500000	0.500000	0.750000	6.500000
3440	IFNA2	3.000000	0.000000	0.000000	0.000000	7.000000
2026	ENO2	110.000000	22.000000	6.250000	15.125000	259.875000
28955	DEXI	2.000000	0.000000	0.000000	0.000000	4.500000
2691	GHRH	5.000000	0.000000	0.000000	0.000000	10.000000
887	CCKBR	53.000000	1.500000	1.000000	1.500000	92.500000
886	CCKAR	9.000000	1.000000	1.000000	1.000000	15.000000
885	CCK	77.000000	2.000000	1.000000	2.000000	145.000000
6745	SSR1	6.000000	0.000000	0.000000	0.000000	12.000000
4763	NF1	4.000000	4.500000	0.000000	4.500000	12.000000
6625	SNRNP70	5.000000	0.000000	0.000000	0.000000	12.000000
9054	NFS1	2.000000	0.000000	0.000000	0.000000	6.000000
574460	MIR498	7.000000	0.000000	0.000000	0.000000	12.000000
8859	STK19	5.000000	0.000000	0.000000	0.000000	8.000000
1610	DAO	6.000000	0.000000	0.000000	0.000000	12.000000
8766	RAB11A	5.000000	0.000000	0.000000	0.000000	8.000000
51083	GAL	5.000000	0.000000	0.000000	0.000000	8.000000
3976	LIF	21.000000	0.000000	0.000000	0.000000	46.000000
8842	PROM1	18.000000	0.000000	0.000000	0.000000	30.000000
2875	GPT	11.000000	0.000000	0.000000	0.000000	17.500000
9338	TCEAL1	8.000000	0.000000	0.000000	0.000000	11.000000
28514	DLL1	7.000000	0.000000	0.000000	0.000000	13.500000
3052	HCCS	5.000000	2.500000	0.000000	2.500000	3.500000
6528	SLC5A5	12.000000	8.000000	5.500000	10.000000	16.000000
6863	TAC1	11.000000	0.000000	0.000000	0.000000	29.000000
5362	PLXNA2	5.000000	0.000000	0.000000	0.000000	11.500000
2335	FN1	7.000000	1.500000	0.000000	1.625000	4.000000
5443	POMC	147.000000	4.750000	4.250000	7.625000	333.500000
1048	CEACAM5	7.000000	0.000000	0.000000	0.000000	10.500000
5934	RBL2	8.000000	0.000000	0.000000	0.000000	12.500000
3717	JAK2	21.000000	0.000000	0.000000	0.000000	46.500000
3716	JAK1	16.000000	4.000000	0.000000	0.000000	21.500000
1147	CHUK	2.000000	0.000000	0.000000	0.000000	6.500000
666	BOK	6.000000	1.000000	3.000000	1.000000	3.000000
8626	TP63	6.000000	6.500000	0.000000	6.000000	3.000000
4609	MYC	30.000000	3.000000	0.000000	3.000000	69.500000
4576	TRNT	3.000000	0.000000	0.000000	0.000000	10.000000
9622	KLK4	3.000000	0.000000	0.000000	0.000000	8.000000
260330	ALPPP	3.000000	0.000000	0.125000	0.000000	8.500000
8883	NAE1	18.000000	2.000000	1.500000	2.000000	26.000000
2099	ESR1	10.000000	7.375000	0.000000	7.250000	20.625000
2526	FUT4	7.000000	0.000000	0.000000	0.000000	17.500000
1543	CYP1A1	3.000000	0.000000	0.000000	0.000000	5.000000
200186	CRTC2	8.000000	4.500000	0.000000	4.500000	4.500000
4902	NRTN	9.000000	0.000000	0.000000	0.000000	24.500000
100508689	LOC100508689	5.000000	0.500000	0.000000	0.500000	13.750000
2248	FGF3	8.000000	0.000000	0.000000	0.000000	13.500000
9232	PTTG1	5.000000	0.500000	0.000000	0.000000	9.500000
8718	TNFRSF25	4.000000	2.500000	0.000000	2.500000	3.500000
2246	FGF1	3.000000	0.000000	0.000000	0.000000	8.250000
2247	FGF2	5.000000	0.000000	0.000000	0.000000	9.000000
2241	FER	6.000000	0.000000	0.000000	0.000000	10.000000
64096	GFRA4	3.000000	0.000000	0.000000	0.000000	7.000000
4888	NPY6R	20.000000	2.000000	0.000000	0.000000	34.500000
10058	ABCB6	3.000000	0.000000	0.000000	0.000000	5.500000
28907	IGKV5-2	8.000000	0.000000	0.000000	0.000000	11.000000
999	CDH1	17.000000	0.000000	0.000000	0.000000	34.500000
9374	PPT2	3.000000	0.000000	0.000000	0.000000	5.500000
1026	CDKN1A	30.000000	0.500000	7.250000	1.000000	57.000000
406959	MIR183	8.000000	0.000000	0.000000	0.000000	14.500000
4233	MET	39.000000	0.000000	0.000000	1.000000	69.500000
5618	PRLR	6.000000	0.000000	0.000000	0.000000	4.000000
5595	MAPK3	61.000000	4.000000	0.000000	0.000000	107.500000
5594	MAPK1	82.000000	27.500000	0.000000	12.000000	130.000000
5597	MAPK6	4.000000	0.000000	0.000000	0.000000	9.500000
5596	MAPK4	7.000000	0.000000	0.000000	0.000000	12.000000
5599	MAPK8	7.000000	5.500000	4.500000	5.500000	3.000000
6567	SLC16A2	6.000000	0.000000	0.000000	0.000000	7.500000
5617	PRL	21.000000	0.000000	0.000000	0.000000	35.500000
2147	F2	6.000000	0.000000	0.000000	0.000000	13.000000
929	CD14	6.000000	0.000000	0.000000	0.000000	12.000000
5743	PTGS2	35.000000	2.000000	0.000000	0.000000	72.500000
50818	DYT10	4.000000	0.000000	0.000000	0.000000	13.000000
920	CD4	30.000000	0.000000	0.000000	0.000000	81.500000
921	CD5	9.000000	0.500000	0.500000	0.500000	20.500000
2064	ERBB2	14.000000	0.000000	0.000000	0.000000	20.500000
925	CD8A	20.000000	0.000000	0.000000	0.000000	65.500000
3827	KNG1	3.000000	0.000000	0.000000	0.000000	8.000000
10534	SSSCA1	21.000000	1.250000	0.000000	1.250000	47.500000
8517	IKBKG	2.000000	0.000000	0.000000	0.000000	6.500000
54808	DYM	2.000000	0.500000	0.500000	0.500000	5.000000
134	ADORA1	2.000000	0.000000	0.000000	0.000000	5.000000
3274	HRH2	5.000000	0.000000	0.000000	0.000000	14.500000
23303	KIF13B	2.000000	0.000000	0.000000	0.000000	3.000000
836	CASP3	71.000000	0.000000	0.000000	0.000000	142.750000
834	CASP1	5.000000	0.500000	7.250000	0.500000	7.250000
835	CASP2	2.000000	0.000000	0.000000	0.000000	5.750000
133482	SLCO6A1	14.000000	2.000000	0.000000	0.000000	23.500000
4288	MKI67	18.000000	0.000000	0.000000	0.000000	38.000000
839	CASP6	20.000000	1.000000	3.000000	1.000000	31.000000
3479	IGF1	21.000000	1.000000	7.750000	1.000000	55.750000
4125	MAN2B1	3.000000	0.000000	0.000000	0.000000	8.500000
3572	IL6ST	3.000000	0.000000	0.000000	0.000000	8.000000
7434	VIPR2	3.000000	0.000000	0.000000	0.000000	8.000000
7431	VIM	19.000000	8.875000	0.000000	11.625000	41.750000
7432	VIP	28.000000	0.000000	0.000000	3.000000	51.500000
338413	TAS2R63P	10.000000	0.000000	0.000000	0.000000	16.500000
2668	GDNF	8.000000	2.000000	0.000000	0.000000	16.500000
57822	GRHL3	2.000000	0.250000	0.000000	1.250000	7.000000
2937	GSS	3.000000	0.000000	0.000000	0.000000	10.000000
2932	GSK3B	2.000000	0.000000	0.000000	0.000000	4.500000
64428	NARFL	3.000000	0.500000	0.000000	1.000000	6.000000
9839	ZEB2	7.000000	0.000000	0.000000	0.000000	12.000000
112401	BIRC8	2.000000	0.000000	0.000000	0.000000	4.500000
6678	SPARC	6.000000	0.000000	0.000000	0.000000	12.000000
5328	PLAU	6.000000	0.000000	0.000000	0.000000	12.000000
5670	PSG2	34.000000	6.000000	0.000000	0.000000	68.000000
780	DDR1	5.000000	6.500000	0.000000	0.000000	6.500000
27250	PDCD4	8.000000	0.000000	0.000000	0.000000	14.500000
6774	STAT3	38.000000	4.000000	0.000000	0.000000	64.000000
10987	COPS5	3.000000	1.250000	0.000000	1.250000	7.500000
5241	PGR	3.000000	0.000000	0.000000	0.000000	10.000000
6772	STAT1	4.000000	0.000000	0.000000	0.000000	10.500000
5979	RET	2043.000000	249.000000	4.000000	71.500000	3879.625000
5970	RELA	2.000000	0.000000	0.000000	0.000000	6.500000
27151	CPAMD8	2.000000	0.000000	0.000000	0.000000	6.000000
27152	INTU	2.000000	0.000000	0.000000	0.000000	6.000000
3791	KDR	94.000000	9.000000	0.000000	8.500000	161.500000
60482	SLC5A7	15.000000	0.000000	0.000000	0.000000	34.500000
1471	CST3	2.000000	0.000000	0.000000	0.000000	6.000000
100125288	ZGLP1	8.000000	0.000000	0.000000	0.000000	11.000000
3002	GZMB	4.000000	0.000000	0.000000	0.000000	10.500000
2802	GOLGA3	3.000000	0.000000	0.000000	2.000000	7.000000
2806	GOT2	9.000000	0.000000	0.000000	0.000000	20.500000
7157	TP53	106.000000	24.500000	9.750000	9.000000	206.000000
407026	MIR29C	7.000000	0.000000	0.000000	0.000000	12.000000
733	C8G	2.000000	0.000000	0.000000	0.000000	6.000000
1030	CDKN2B	10.000000	7.500000	1.000000	3.000000	18.000000
1031	CDKN2C	7.000000	0.000000	0.000000	0.000000	17.000000
902	CCNH	14.000000	0.000000	0.000000	0.000000	24.000000
1211	CLTA	4.000000	1.500000	1.750000	2.000000	3.750000
7294	TXK	189.000000	13.000000	5.500000	3.500000	325.000000
406914	MIR127	8.000000	0.000000	0.000000	0.000000	14.500000
2580	GAK	5.000000	0.000000	0.000000	0.000000	12.500000
121549	ASCL4	5.000000	0.000000	0.000000	0.000000	12.000000
1351	COX8A	1.000000	0.000000	0.000000	0.000000	4.000000
406919	MIR130A	7.000000	0.000000	0.000000	0.000000	12.000000
619556	MIR455	6.000000	0.000000	0.000000	0.000000	7.500000
6521	SLC4A1	4.000000	0.000000	0.000000	0.000000	9.000000
6520	SLC3A2	6.000000	0.000000	3.000000	0.000000	3.500000
7849	PAX8	7.000000	2.000000	1.500000	2.000000	3.000000
59350	RXFP1	6.000000	0.000000	0.000000	0.000000	21.000000
1869	E2F1	16.000000	0.000000	0.000000	0.000000	34.500000
3725	JUN	13.000000	5.000000	7.250000	5.000000	26.250000
7846	TUBA1A	3.000000	0.000000	0.000000	0.000000	8.000000
728695	SPANXB1	5.000000	9.000000	0.000000	9.000000	9.000000
11146	GLMN	13.000000	3.250000	0.000000	3.500000	24.500000
966	CD59	2.000000	0.000000	0.000000	0.000000	5.750000
3688	ITGB1	6.000000	4.000000	0.000000	0.750000	4.000000
960	CD44	6.000000	0.000000	0.000000	0.000000	12.000000
7114	TMSB4X	2.000000	0.000000	0.000000	0.000000	6.000000
4830	NME1	7.000000	1.000000	3.500000	0.000000	8.500000
25992	SNED1	10.000000	0.000000	0.000000	0.000000	18.000000
3685	ITGAV	5.000000	0.000000	0.000000	0.000000	9.000000
6194	RPS6	14.000000	12.000000	0.000000	0.500000	12.500000
140821	RSS	5.000000	0.000000	0.000000	0.000000	10.000000
2100	ESR2	6.000000	0.000000	0.000000	0.000000	13.000000
6198	RPS6KB1	21.000000	0.000000	0.000000	0.000000	47.000000
4752	NEK3	2.000000	0.000000	0.000000	0.000000	5.000000
53373	TPCN1	22.000000	20.000000	0.500000	4.500000	26.500000
2735	GLI1	8.000000	2.000000	0.000000	0.000000	11.500000
2736	GLI2	8.000000	2.000000	0.000000	0.000000	11.500000
2737	GLI3	8.000000	2.000000	0.000000	0.000000	11.500000
5111	PCNA	21.000000	0.000000	0.000000	0.000000	54.500000
54474	KRT20	12.000000	6.000000	0.000000	6.000000	13.000000
5294	PIK3CG	19.000000	4.500000	0.000000	4.500000	30.500000
6286	S100P	4.000000	0.000000	0.000000	0.000000	8.500000
5293	PIK3CD	2.000000	0.000000	0.000000	0.000000	6.500000
5290	PIK3CA	4.000000	0.000000	0.000000	0.000000	9.000000
5291	PIK3CB	13.000000	4.000000	0.000000	0.000000	16.500000
5243	ABCB1	15.000000	0.000000	0.000000	0.000000	34.500000
5054	SERPINE1	2.000000	0.000000	0.000000	0.000000	6.000000
10367	MICU1	11.000000	0.000000	0.125000	0.000000	26.500000
6554	SLC10A1	2.000000	0.000000	0.000000	0.000000	6.000000
7570	ZNF22	4.000000	0.000000	0.000000	0.000000	7.000000
5728	PTEN	8.000000	4.500000	0.000000	4.500000	4.500000
56971	CEACAM19	172.000000	25.000000	3.500000	30.625000	365.000000
3948	LDHC	9.000000	0.000000	0.000000	0.000000	21.000000
406982	MIR20A	9.000000	4.000000	0.000000	0.000000	6.000000
406985	MIR200C	7.000000	0.000000	0.000000	0.000000	12.000000
5727	PTCH1	34.000000	40.000000	0.500000	5.000000	39.500000
5644	PRSS1	1.000000	0.000000	0.000000	0.000000	5.000000
2740	GLP1R	9.000000	0.000000	0.000000	0.000000	15.000000
1024	CDK8	4.000000	0.000000	0.000000	0.000000	7.500000
7471	WNT1	5.000000	0.000000	0.000000	0.000000	8.000000
7472	WNT2	8.000000	2.000000	0.000000	0.000000	11.500000
891	CCNB1	7.000000	0.000000	0.000000	0.000000	13.000000
9049	AIP	2.000000	0.000000	0.000000	0.750000	6.000000
9048	ARTN	3.000000	0.000000	0.000000	0.000000	7.000000
494324	MIR375	14.000000	0.000000	0.000000	0.000000	22.000000
4953	ODC1	2.000000	0.000000	0.000000	0.000000	6.000000
9043	SPAG9	3.000000	0.000000	0.000000	0.000000	10.000000
4790	NFKB1	14.000000	6.000000	11.750000	6.000000	16.750000
4792	NFKBIA	9.000000	5.500000	4.500000	5.500000	9.500000
638	BIK	6.000000	1.000000	3.000000	1.000000	3.000000
1978	EIF4EBP1	7.000000	8.000000	0.000000	0.500000	8.500000
1977	EIF4E	7.000000	8.000000	0.000000	0.500000	8.500000
4012	LNPEP	13.000000	0.000000	0.000000	0.000000	27.000000
4017	LOXL2	5.000000	0.000000	0.000000	0.000000	8.000000
1604	CD55	7.000000	0.000000	1.000000	0.000000	6.500000
355	FAS	8.000000	0.000000	0.000000	0.000000	19.500000
354	KLK3	2.000000	0.000000	0.000000	0.000000	3.000000
3988	LIPA	9.000000	0.000000	0.000000	0.000000	11.500000
22943	DKK1	14.000000	0.000000	0.000000	0.000000	25.500000
4513	COX2	5.000000	0.000000	0.000000	0.000000	7.000000
8851	CDK5R1	19.000000	0.000000	0.000000	0.000000	23.000000
1950	EGF	50.000000	7.250000	7.500000	5.750000	73.500000
768	CA9	2.000000	0.000000	0.000000	0.000000	6.000000
89941	RHOT2	9.000000	0.500000	0.500000	0.500000	22.500000
5473	PPBP	11.000000	8.500000	1.750000	9.000000	9.750000
5471	PPAT	6.000000	0.000000	0.000000	0.000000	15.500000
3046	HBE1	7.000000	1.500000	0.000000	1.625000	4.000000
1774	DNASE1L1	3.000000	0.000000	0.000000	0.000000	8.000000
2321	FLT1	42.000000	8.500000	0.000000	8.500000	79.500000
2324	FLT4	27.000000	0.000000	0.000000	0.000000	52.000000
3139	HLA-L	4.000000	2.500000	0.000000	2.500000	3.500000
6646	SOAT1	28.000000	0.000000	0.000000	0.000000	58.500000
6647	SOD1	9.000000	0.000000	0.000000	0.000000	17.000000
10189	ALYREF	4.000000	0.000000	0.000000	0.000000	10.500000
7057	THBS1	5.000000	0.000000	0.000000	0.000000	9.000000
7054	TH	5.000000	0.000000	0.000000	0.000000	14.000000
572	BAD	6.000000	0.000000	0.000000	0.000000	14.500000
100507703	LOC100507703	4.000000	0.000000	0.000000	0.000000	23.000000
3481	IGF2	4.000000	0.500000	0.500000	0.500000	11.000000
3480	IGF1R	8.000000	0.000000	0.000000	0.000000	24.500000
4333	MNG1	3.000000	0.500000	0.000000	1.000000	6.000000
3487	IGFBP4	2.000000	0.000000	0.000000	0.000000	6.000000
673	BRAF	63.000000	28.000000	1.500000	19.000000	86.500000
262	AMD1	2.000000	0.000000	0.000000	0.000000	6.000000
3643	INSR	5.000000	0.000000	0.000000	0.000000	13.000000
3640	INSL3	6.000000	0.000000	0.000000	0.000000	21.000000
6013	RLN1	6.000000	0.000000	0.000000	0.000000	21.000000
9900	SV2A	6.000000	0.000000	0.000000	0.000000	14.500000
6392	SDHD	7.000000	0.000000	0.000000	0.000000	13.000000
3565	IL4	20.000000	0.000000	0.000000	0.000000	44.500000
2994	GYPB	5.000000	0.000000	0.000000	3.000000	7.500000
55	ACPP	4.000000	0.500000	0.000000	0.500000	8.500000
5159	PDGFRB	18.000000	4.500000	0.000000	4.000000	31.500000
2475	MTOR	56.000000	20.500000	0.000000	9.000000	84.000000
114568	NMTC1	5.000000	0.500000	0.000000	1.000000	12.000000
8031	NCOA4	6.000000	11.000000	0.000000	0.000000	4.500000
8030	CCDC6	6.000000	11.000000	0.000000	0.000000	4.500000
139818	DOCK11	2.000000	0.000000	0.000000	0.000000	3.000000
4893	NRAS	20.000000	0.000000	0.000000	0.000000	42.500000
115	ADCY9	2.000000	0.000000	0.000000	0.000000	6.000000
5604	MAP2K1	17.000000	0.500000	0.000000	0.500000	35.500000
117	ADCYAP1R1	2.000000	0.000000	0.000000	0.000000	6.000000
116	ADCYAP1	2.000000	0.000000	0.000000	0.000000	6.000000
111	ADCY5	2.000000	0.000000	0.000000	0.000000	6.000000
113	ADCY7	4.000000	0.000000	0.000000	0.000000	8.500000
112	ADCY6	2.000000	0.000000	0.000000	0.000000	5.000000
9993	DGCR2	6.000000	0.000000	0.000000	0.000000	11.000000
406946	MIR154	8.000000	0.000000	0.000000	0.000000	14.500000
5608	MAP2K6	9.000000	0.000000	0.000000	0.000000	22.000000
4803	NGF	5.000000	0.000000	0.000000	0.000000	16.000000
207	AKT1	98.000000	9.500000	3.000000	5.500000	168.500000
2720	GLB1	8.000000	0.000000	0.000000	0.000000	15.500000
5562	PRKAA1	10.000000	0.000000	0.000000	0.000000	16.500000
429	ASCL1	73.000000	0.000000	0.000000	0.000000	132.000000
3845	KRAS	19.000000	4.500000	0.000000	4.500000	27.500000
1392	CRH	33.000000	0.000000	0.000000	0.000000	75.500000
2074	ERCC6	6.000000	0.000000	0.000000	0.000000	9.500000
308	ANXA5	2.000000	0.000000	0.000000	0.000000	5.000000
3958	LGALS3	19.000000	1.500000	0.000000	2.625000	21.500000
3815	KIT	11.000000	0.000000	0.000000	0.000000	19.500000
302	ANXA2	5.000000	0.000000	0.000000	0.000000	8.000000
3955	LFNG	7.000000	0.000000	0.000000	0.000000	12.500000
10428	CFDP1	18.000000	1.000000	0.000000	0.000000	28.000000
3265	HRAS	36.000000	9.750000	0.500000	3.000000	78.000000
847	CAT	6.000000	0.000000	0.000000	0.000000	13.500000
846	CASR	8.000000	0.000000	0.000000	0.000000	18.750000
5089	PBX2	3.000000	0.000000	0.000000	0.000000	5.500000
842	CASP9	13.000000	1.000000	3.000000	1.000000	16.000000
841	CASP8	16.000000	1.000000	3.000000	1.000000	26.500000
840	CASP7	6.000000	0.000000	0.000000	0.000000	12.500000
3502	IGHG3	11.000000	0.000000	0.000000	0.000000	28.500000
5080	PAX6	4.000000	0.000000	0.000000	0.000000	23.000000
51350	KRT76	2.000000	6.000000	0.000000	6.000000	6.000000
2670	GFAP	8.000000	0.000000	0.000000	0.000000	13.500000
7424	VEGFC	7.000000	0.000000	0.000000	0.000000	10.500000
2675	GFRA2	11.000000	0.000000	0.000000	0.000000	22.500000
7422	VEGFA	62.000000	17.500000	0.000000	25.000000	102.500000
54828	BCAS3	6.000000	0.000000	0.000000	0.000000	15.500000
2676	GFRA3	7.000000	0.000000	0.000000	0.000000	15.000000
5706	PSMC6	7.000000	0.000000	0.000000	0.000000	12.000000
7428	VHL	13.000000	0.000000	0.000000	0.000000	29.500000
2922	GRP	63.000000	0.000000	0.500000	0.375000	146.125000
9261	MAPKAPK2	8.000000	7.500000	0.000000	7.500000	7.000000
5335	PLCG1	5.000000	0.000000	0.000000	0.000000	7.000000
652170	COX4I1P2	6.000000	0.000000	0.000000	0.000000	9.000000
10252	SPRY1	8.000000	0.000000	0.000000	0.000000	13.500000
7010	TEK	3.000000	0.000000	0.000000	0.000000	4.000000
7011	TEP1	5.000000	4.000000	0.000000	4.000000	4.000000
1633	DCK	4.000000	9.000000	0.000000	0.000000	3.000000
1636	ACE	5.000000	0.000000	0.000000	0.000000	8.000000
10859	LILRB1	7.000000	0.000000	0.000000	0.000000	12.000000
5949	RBP3	4.000000	0.000000	0.000000	0.000000	4.000000
27087	B3GAT1	4.000000	0.000000	0.500000	0.000000	9.000000
5786	PTPRA	5.000000	0.000000	0.000000	0.000000	10.500000
9970	NR1I3	5.000000	0.000000	0.000000	0.000000	7.500000
27121	DKK4	5.000000	0.000000	0.000000	0.000000	8.000000
5788	PTPRC	8.000000	0.000000	0.000000	0.000000	10.000000
1806	DPYD	8.000000	0.000000	0.000000	7.000000	7.000000
1385	CREB1	4.000000	0.000000	0.000000	0.000000	11.000000
3172	HNF4A	2.000000	0.000000	0.000000	0.000000	6.000000
2950	GSTP1	11.000000	2.000000	0.000000	2.000000	17.500000
94241	TP53INP1	8.000000	0.000000	0.000000	0.000000	11.500000
7080	NKX2-1	32.000000	4.000000	0.000000	14.125000	51.000000
7083	TK1	16.000000	9.000000	0.000000	0.000000	26.000000
5347	PLK1	4.000000	0.000000	0.000000	0.000000	7.000000
1021	CDK6	2.000000	0.000000	0.000000	0.000000	6.000000
1020	CDK5	19.000000	0.000000	0.000000	0.000000	23.000000
7086	TKT	17.000000	11.500000	0.000000	0.000000	30.500000
3375	IAPP	19.000000	0.000000	0.000000	0.000000	30.500000
1029	CDKN2A	10.000000	7.500000	1.000000	3.000000	19.250000
3371	TNC	18.000000	1.000000	0.000000	0.000000	38.750000
5606	MAP2K3	7.000000	0.000000	0.000000	0.000000	10.500000
2353	FOS	6.000000	0.000000	0.000000	0.000000	14.000000
6690	SPINK1	8.000000	0.000000	0.000000	0.000000	21.000000
6495	SIX1	5.000000	0.000000	0.000000	0.000000	7.000000
406902	MIR10A	13.000000	0.000000	0.000000	0.000000	19.500000
1160	CKMT2	8.000000	0.000000	0.000000	0.000000	14.500000
4363	ABCC1	5.000000	0.000000	0.000000	0.000000	7.000000
602	BCL3	4.000000	0.000000	0.000000	0.000000	10.500000
8178	ELL	104.000000	8.000000	0.500000	0.500000	177.250000
10671	DCTN6	7.000000	0.000000	0.000000	0.000000	13.000000
9451	EIF2AK3	10.000000	0.000000	0.000000	0.000000	16.500000
348654	GEN1	5.000000	0.500000	0.000000	0.000000	9.500000
1896	EDA	10.000000	0.000000	0.000000	0.000000	12.000000
1890	TYMP	12.000000	9.000000	0.000000	7.000000	10.000000
5764	PTN	6.000000	0.000000	0.000000	0.000000	14.500000
4922	NTS	30.000000	0.000000	0.000000	0.000000	62.500000
6343	SCT	21.000000	0.000000	0.000000	0.000000	38.000000
26768	RNU105A	3.000000	0.000000	0.000000	0.000000	7.500000
26765	SNORD12C	4.000000	0.000000	0.000000	0.000000	7.000000
442918	MIR373	7.000000	0.000000	0.000000	0.000000	12.000000
1111	CHEK1	7.000000	0.000000	0.000000	0.000000	12.500000
7298	TYMS	8.000000	0.000000	0.000000	7.000000	7.000000
1113	CHGA	180.000000	25.625000	3.750000	9.750000	353.375000
1114	CHGB	7.000000	0.000000	0.000000	0.000000	11.000000
25830	SULT4A1	4.000000	0.500000	0.500000	0.500000	6.500000
10178	TENM1	4.000000	0.000000	0.000000	0.000000	9.000000
797	CALCB	67.000000	1.000000	0.000000	1.000000	146.000000
10076	PTPRU	4.000000	0.000000	0.000000	0.000000	9.500000
2641	GCG	53.000000	0.500000	0.000000	0.750000	129.500000
2642	GCGR	1.000000	0.000000	0.000000	0.000000	4.000000
50943	FOXP3	12.000000	0.000000	0.000000	0.000000	20.500000
93659	CGB5	6.000000	0.000000	0.000000	0.000000	12.000000
2322	FLT3	3.000000	0.000000	0.000000	0.000000	4.000000
118429	ANTXR2	16.000000	0.125000	0.125000	8.500000	34.125000
8558	CDK10	2.000000	0.000000	0.000000	0.000000	4.500000
26503	SLC17A5	9.000000	0.000000	0.000000	0.000000	11.500000
6469	SHH	8.000000	2.000000	0.000000	0.000000	11.500000
3428	IFI16	5.000000	0.000000	0.000000	0.000000	11.500000
6464	SHC1	10.000000	0.000000	0.000000	0.000000	22.000000
2002	ELK1	2.000000	0.000000	0.000000	0.000000	5.000000
6336	SCN10A	21.000000	13.000000	0.000000	1.500000	41.000000
471	ATIC	2.000000	0.000000	0.000000	0.000000	7.250000
6239	RREB1	3.000000	0.000000	0.000000	0.000000	8.000000
3576	IL8	12.000000	0.000000	0.000000	0.000000	25.000000
6237	RRAS	11.000000	3.000000	0.500000	0.500000	19.000000
442915	MIR370	8.000000	0.000000	0.000000	0.000000	14.500000
4853	NOTCH2	6.000000	0.000000	0.000000	0.000000	12.000000
4852	NPY	5.000000	0.000000	0.000000	0.000000	15.000000
4851	NOTCH1	44.000000	0.000000	0.000000	0.000000	76.000000
4582	MUC1	8.000000	4.500000	5.750000	5.000000	8.000000
