doc_id
7153533
679097
2321439
6152183
6342746
16739344
17623957
15131029
20858319
23563004
9406695
19002129
12398235
5647416
5637950
12920763
15929671
11075399
22946486
23676418
19035299
3034614
3965094
20852865
11335906
23033768
6630419
10234671
15068613
24299515
16955009
23780998
5821207
19887470
22743249
1494490
20119574
10760769
18310288
6687904
12114762
1241121
19856661
23606839
17270543
19711206
9398735
15179756
201514
5263031
1568350
1434848
15672437
4282094
19444888
15584614
11914470
24097007
10647610
1192355
441904
6486613
8097904
3258543
7651932
3808498
22865907
10757334
21314233
4590286
17665245
7398591
1507687
6248326
8459030
3308183
16546489
23201134
8967865
20100647
17968324
15129804
23188542
6177234
23928562
9223675
4990962
4990961
20978326
6146795
1991803
2371832
15611826
3686343
22354558
8695346
15967086
15967087
8935135
22918771
2836203
2826723
9247627
16230779
17685266
2864758
21563324
21573653
8287875
23858723
1322279
21157553
21687607
2711836
21883896
22546877
15475567
6108170
3946060
10216512
11115589
21046269
5277368
9699127
7975780
17453286
18327036
4096227
23292257
22715565
6369069
2883022
2883027
4104299
20463576
7706986
9426428
19838021
18248648
21543427
1525578
2901773
16356091
1022524
9290950
15657564
8729519
8710526
19424876
20567012
23955938
9174720
2359949
22741153
2470235
4466214
9578814
23660264
9379517
15325845
7530987
9883048
9747064
22048975
9724377
19957219
20677998
5640337
8963841
2568716
1224435
267285
5844561
6119749
15296996
8334560
5748583
7234393
22890595
22241953
99045
2900618
15277225
7930376
9868860
9360534
21655256
6130340
2866950
12943614
402280
184633
2873544
8556059
10484798
1447491
12746565
12057161
8367802
6281017
17121523
10822879
21946617
5779203
20103606
3131955
24343523
15350625
23514012
6616895
2883196
3579051
2209431
16127294
226460
606895
18771530
19615004
10443680
21810974
1972348
11850724
7617075
2884645
1222721
20335822
21626080
17968174
8454270
10598192
15508130
17426901
16419493
23900743
15776290
1761559
18807685
23202050
21882612
9848720
7690409
2814186
1703929
8475796
1355485
10695946
7615909
7615908
7615903
2570396
19094497
1362156
3705981
8844733
2572534
17401085
12186504
20020626
4793597
1180576
2872701
9777362
1551364
22183190
12089864
9150704
3048002
6720383
6152538
3821708
5784488
19678738
19678735
16226999
5347398
1351314
10411120
17619217
559026
16181236
12437249
17006848
17006846
17006847
17006845
10437616
4345756
24283042
11961702
12690476
17526945
48705
3718934
6107240
1823850
1823851
1823857
14575577
9597929
21993546
11230481
21741956
22144096
23856028
638953
23472229
1852077
6853671
14557423
15523405
2861094
10876191
7090286
1110583
449992
20189981
498047
14764755
19332941
9081799
15978330
9263528
3901454
7136694
2576946
2576947
2576942
3448767
15386999
4479194
4995547
16832634
10533634
18370959
11289752
23314540
2863585
22158569
15864423
2623225
8683310
11424598
16095809
18190715
6370416
3984108
952556
14574015
8100624
11148685
8869041
7810096
9001197
7293797
6833017
16817830
2229929
3121619
5125671
7621562
21655871
3381624
9628973
116517
657088
23158190
14663408
4208064
8917360
8538029
20534767
7143171
2845025
17891246
19934298
23815012
6472152
89098
11338399
19394967
6151728
18331612
18331611
24002516
691428
1888139
17315037
10768832
1119859
21575412
10392179
11241906
3498624
9413806
20069043
18006770
10323403
6871490
20948763
4116425
6814596
17120422
17473689
15179768
15179766
15179767
637688
3467830
10690910
9259198
2866591
9893644
16153436
10235324
19759878
21150841
22568397
7154724
17384213
19004986
8471039
3500936
19836492
23716943
3904856
22676047
9447290
201148
2553574
12518251
15634717
23715371
2932697
1131504
3019022
18976013
12755957
15743023
14602786
3341777
5095737
12428567
1978945
2448025
8949970
22099386
4127549
15991157
7874109
17684396
15118594
2346910
2639132
15717653
6284516
2139215
2337358
15572361
218337
8895910
10832112
11360200
10746684
3158460
18646485
11202454
2984898
15761557
23397757
18629788
2948594
438583
20627492
6017480
21885943
8878649
4994451
20065189
19823860
7666591
3954625
10690512
22648435
7724358
3319973
5240025
409817
6692098
18230832
15605518
11351254
20152359
23745775
9868959
18018575
6517420
9117274
3782568
6690009
7121251
24306103
7987299
1542995
4333786
20184595
10327060
389409
12940128
14508694
3411280
7641404
16410936
949881
12658727
2882613
10865039
4427386
19079272
53594
7958401
8534359
23170308
1660401
20039896
22259061
56421
20013610
6274709
2034946
22940904
337999
914760
21325462
9160884
19735058
16334022
9464534
19260112
17982960
8908448
15623805
17555398
8099830
16790397
935869
18284634
2852709
19726541
12114676
12114678
5106450
20801952
835355
7282994
5586120
9141554
10897437
18360982
14985494
1761166
2563669
2563668
47335
8751579
2905066
10740604
2466753
7708002
21667440
20127950
20127952
16258498
10422141
2573874
9393755
6573830
531059
6665952
1977536
3260237
1814515
22209341
3716561
5574997
17351939
17673130
4425112
15186602
7246276
2576948
2576941
10225670
1277589
947528
3429944
7559902
6551838
706515
10820528
20182588
23641144
7199015
6117566
6610450
1275961
7263287
2838213
22965292
10452255
446409
858780
1350670
4361605
17892924
12858007
12858002
23849459
14668737
4207025
2644744
2275984
18764881
12968494
19026945
2022740
1483876
8981969
19027225
17909728
11905084
709876
8785928
21994201
6823901
1399365
19568813
5660196
7500798
4421856
9046062
4476713
12665651
3942001
21885365
16926634
1355324
7479349
2721443
22674136
23111381
2807152
8838338
3608841
6675221
6460172
3155492
10541362
10541363
19897677
1970917
11753660
15106029
17236560
16002007
11370543
11370545
11370544
17512281
10466522
8734273
19712135
24240178
5958845
1483923
6138220
20027
10853802
22723734
1227363
5855798
11453952
18480660
23509459
7460837
22705690
17051143
15761569
6118254
8729336
4717416
12409662
20848426
18075281
15531714
4249215
18520232
3715634
815795
23295303
18685492
2456871
5471315
15271413
15271414
8563482
1727816
19499985
19499987
19499986
21053568
6380375
1602739
9793016
19401695
21049453
11917600
5463024
11708296
11211477
10639777
20664475
16360382
14304238
10656657
17878252
14516839
23884781
8330872
21862994
18765511
2900771
14571817
11269881
716155
19638924
18846693
2934622
21358115
7057256
3695238
17638907
1343987
21346073
18073715
8816445
11898029
199012
8855832
22025155
6880204
4252980
5685607
674211
9752487
15693160
19062722
1436261
8804341
1743312
17603316
1121658
14558925
15679439
7316823
6707192
16601140
22047736
22199277
19488601
4001630
3001450
17726071
17435996
11889172
22083086
3441610
10541364
21212427
6353830
21630273
16318087
17605812
7655743
18791128
4057721
8098331
7951533
23582411
2261215
449774
98459
4307127
6133658
11688458
2267683
10617796
4695886
24188348
16752676
19198929
9071985
14870789
14870788
14870787
14870784
14870781
9000407
12811413
15173224
218991
5383680
6506226
22162581
23564596
3004763
18073307
9065020
4356482
2607815
3575832
4598527
22913268
2575578
37367
2575577
2906036
23536393
7488870
3337618
18408891
11403179
14586073
1683348
7122936
17979564
20133461
6506297
23081996
9801204
9677514
195473
15771139
533232
22162466
22162469
23079930
12841548
6412451
16226978
22584717
22776298
20450432
9781645
12746649
12686527
5313713
5013765
8570987
2897752
8363884
11261296
10352957
10352959
1973281
20447064
392693
2249597
7400295
6126268
16608897
1980932
15632018
20949456
6472249
10552340
6896418
14595251
9048921
16311694
22811860
19620547
20514841
16325365
4350109
18209651
9669389
11484890
11484893
14736730
205037
6141993
8299093
19655139
11407657
1569295
10969467
4149186
20731308
8094268
8552540
4932922
8582691
7913671
2711816
7911761
19484261
8521452
6546764
4463798
7571971
10822229
2802985
16343097
6302462
6544820
18389784
6152459
7849720
11037345
1928560
6257751
7979902
22715896
44926
6394335
16472416
5139990
17090547
7334557
18466083
4851364
24276457
24276455
12139879
1646098
4304747
4811759
21688339
12734540
202164
4734496
1568756
10090311
22017398
7575334
3697657
10952773
21998631
23608930
17002842
3563588
17696832
17696833
23059849
8141431
6289812
3379756
10230232
6096600
7072448
16649977
3194829
21162958
4827765
9587071
22960778
3626517
7736432
11259096
17997826
10076727
8640806
17125960
3585511
11589684
11589685
10839611
7913025
7913024
7913027
7913022
7096542
10720027
145082
21826256
19649389
20583117
899022
17700204
861349
3167804
22394276
2446641
1448599
1448596
1448597
18798312
9630179
2041383
16776194
62227
2576958
10223579
24064755
2992904
8625130
7662489
10595463
8683309
10024437
11275230
12182058
12455065
23120061
19744457
7692664
7810079
16363195
11280716
1651565
18463043
5551876
3931342
6265274
20411177
17455883
5623344
5623346
23410206
7864888
22747440
18486896
17302876
1978560
8750570
18300267
7785635
17145757
22432942
16211912
2992005
4082620
16680599
3491070
3293987
2878394
2385096
22866159
692625
7218174
10392193
7112011
15719378
22693094
4433191
1971777
19744643
22170709
7386230
9739433
17333268
11187027
703784
1360169
23099977
22966401
3305613
15630638
23354781
19081012
389771
16322339
4015274
1538934
12878063
776004
15634649
10365121
2863123
15320968
5945463
7878546
2727903
6142988
9247102
15956746
18694866
22676344
5310020
3500524
3828959
19707315
2878988
6375228
4203017
23319867
23686276
8293807
4347303
16954442
6122498
22345297
15941870
3485648
10191829
19522830
19522831
16891281
12205548
3563716
9839497
8991034
41125
24135281
22584699
2912879
12165666
1627139
15459123
4056440
7743500
22218878
20878247
8433214
18651801
15067250
8978187
21272687
6120163
1976772
2881797
6145461
6107125
1974210
20943788
1212042
8265349
3157942
3340134
15233908
12917093
21779621
7353323
6541515
23757613
10848872
8386116
22908061
19041016
20494215
193165
23329180
17848262
897960
20127563
8672855
20919090
20919091
17951536
12383823
16707008
12869215
1362424
1362420
1362423
15657578
3420998
20570039
1474334
19056041
6084634
19687728
9236487
22526546
22104161
9082363
20862373
3836475
6386075
5798365
2718862
1690976
23627255
22565118
2881618
21186952
2881230
12114753
12114752
12114759
7609522
16736292
8116082
4018781
22802478
5366278
11939755
10777380
281838
21721105
2707760
2568166
18450769
4209524
3261569
2412687
11788662
22870127
21455198
1700457
18624279
18402529
9021721
23816245
9851769
3573825
6644059
24288632
2825895
7566512
9202653
5701923
6862356
1278428
9664909
9664908
9664907
17525486
17895320
527968
17560241
9070340
16445820
6136090
5707010
17133107
18392315
21159900
22654561
1889128
4827314
15233217
9690518
8685495
1353300
16118333
360824
1371148
14666655
24132694
5505521
5717978
15588382
15588381
17475111
17549405
17475579
6487826
6487827
6487828
6487829
18058169
20190947
11272100
18348081
429850
19411807
8205357
19169500
14555929
22223169
8613173
16571096
6147126
1996540
7858091
10462620
979836
3490472
8198983
22328112
9677065
12629124
6138219
7369463
9230814
19445625
18976163
18204763
20872145
4847251
15837050
1976126
12146049
657681
12194927
10550306
20510719
22185367
6152465
2311068
9735129
22655204
1354241
21167376
16357561
4327595
23924025
11502806
18374551
11272104
2587568
7392246
558452
10561095
9426433
1925939
2892121
22798248
21621685
6178252
9228264
5033285
3014086
22102446
19633548
6144294
20827665
23341727
11386462
11150030
8051432
2401708
1323381
4386574
15678599
6503683
16263812
7716641
24020714
12694233
8756532
8185329
427724
10427893
18508109
6979551
11965605
23264394
1063979
9681853
3194851
21289252
16369705
8648376
1970849
12771918
8183237
474037
2895537
16531922
5575902
6482865
1935379
170770
6733293
6733292
7595171
7595172
4978695
11815730
4745947
16278263
989224
4146664
5311335
11865340
38412
6829171
16425443
18299472
2874028
6129697
12114654
23828436
16209369
20169709
6130656
7889629
1489858
16053382
15516777
7906866
16813162
851801
8733882
11817297
2894088
4377071
7453055
5948665
16680600
15039902
4352168
6526804
9002774
9002771
22319002
7925114
5114335
5111989
8653668
7426906
3129866
11733228
10858675
8059474
2418963
2106118
602765
18164420
1175523
1673219
18631007
23584948
2569964
2741427
1848495
8428296
4721440
7288491
8425457
23336429
17019736
11388386
6821852
8554115
22753663
2891655
3171838
4859674
2656230
617389
21824724
9152545
23150029
6263059
6628000
7438112
2292224
9820617
21768710
15531548
9510122
8781142
11241313
11490939
19890958
3269661
7376073
1350454
20490356
17580345
1677785
22614194
23737320
17427969
9935077
4061381
2544835
4987854
11993796
19862356
15100501
15586234
1823848
19040998
14618242
619463
18818894
20298661
23093698
6653023
19156827
20479594
19475497
12063634
15947103
11376404
5314718
7645082
11692159
15517488
15517481
7275099
23259706
9607728
6108330
20857703
15809485
3115636
5083396
5083398
4968712
11742336
7670926
15844786
7285384
7285385
19137655
22545752
8909530
7777390
10421103
6748945
16024321
2571085
4939723
11849247
8249519
11746981
4645861
22954126
9754357
15922202
7720896
22312249
10468924
10614665
4735426
12894498
7122102
23601563
8560383
11758951
2875121
6116812
10779145
4124194
23462866
10807059
18363182
16384843
4829109
23757627
20145930
22322952
21973234
20672905
22162569
10882153
17891235
6407194
7867472
11735017
16985365
1745984
4950920
2302785
2547036
1362411
18383861
20226902
10443116
7231706
4800833
7444563
19776290
5788472
17931047
2335800
15705875
21177330
18364376
18364379
7356828
11496707
2742487
21309721
22158037
12359227
1352395
3094240
9621513
907311
8954146
17939859
3044271
3044270
17023794
17656601
2542931
7750460
15316058
5904546
2893259
6128962
12490080
5909693
7165532
18630306
8038990
7913514
17263971
7981368
8918412
2689238
6657122
19939515
22389381
22800531
426557
11762820
12727956
2894239
2523043
20339026
1709790
1448600
1448601
1736326
23408061
20521125
2752980
15867345
16451770
7609706
20978365
11081258
11932300
14715844
8462460
11391589
913180
12721726
7323519
377940
1996860
959750
7735379
10445857
10052732
10052736
6104010
22564994
7061688
3749585
6687599
19220550
18771606
8293411
8429201
11181514
3923241
17305985
4460829
20332126
10363903
8878650
3538147
11498767
8652272
21830566
4645416
5069960
1978382
10319355
22371144
22052128
11815959
7511561
8626834
8626835
2359396
7279700
16405418
23455356
18832444
2983908
4650586
9868948
5639483
2907094
4416724
6127842
18296042
449775
1859647
16029131
8240672
20713208
9987777
2574082
12114728
7169098
18045961
1557212
22343387
11900877
24261394
12111520
3011805
9617347
1328020
1483877
1483874
1483875
2731109
9062519
2807154
10367625
2807153
2807151
1907046
23214280
12168961
17605401
17605402
18084343
17823852
20553195
3265620
1188505
4021446
7216324
8935750
22938056
9516056
115572
1215194
12389699
6039599
16910885
19266197
1936146
6200055
6511490
618781
5011638
2428725
17579194
11452174
23180660
19424640
9041728
1140173
1717025
19941236
3289967
6547969
2085267
23514632
21831957
6531487
599690
210736
2394474
609355
15031699
4758514
21422198
12045444
24077587
23038920
6106648
17785732
17090847
21606409
4087389
6133321
18058472
20518799
2908613
21757828
14303660
950371
114051
2300897
9075733
17016649
22942242
17497663
9452023
15186618
17372055
2576951
2576953
2576957
2576956
2576959
5374252
17375054
23514432
6216164
7627269
4471967
14870785
4136574
6727744
7882440
8600671
7239448
7104951
12116277
10926325
23067528
12548176
4109815
4756861
8734282
3802014
6142718
2222011
8507710
17208566
8408710
4088496
9589057
14668720
4410100
21594487
3498561
7496599
9625426
18756447
7900231
4157313
9101831
9101830
8157713
12519890
23278115
11022174
11331212
7704692
19958926
1035237
937325
22288056
5377474
3392392
11692761
22068382
6730410
11014321
6653490
4706056
19833839
1237796
23485727
4639609
8573606
22526413
17908662
4463923
2538133
10541353
7238338
8326383
7412439
3209191
18282654
7125737
11987030
20739875
8767676
16882502
4169067
11881324
19270854
1975424
9025742
2930528
9829581
5640589
14681722
7970809
24256343
7433865
16997128
17915054
17097365
16175894
20162276
16949986
3668355
14516617
1455309
6110476
7907913
15699703
20369307
17137035
8813465
15771042
9773532
18805915
23869316
16455630
9754365
2332208
8016606
8780551
15251732
22852077
22399508
15658665
4715880
395674
6254339
885482
8734287
8734286
8734284
8734283
10850286
16790944
11948421
8988737
19536770
927309
21470995
11389085
5687259
822106
530945
16091477
844218
22136837
4023564
15048181
7106058
10763000
9744353
6472115
10803592
1179556
11344221
11260860
11007512
4064037
20713862
1701232
21460789
856446
11751063
2786600
11900218
19704366
9068588
14668716
23894022
8952672
12624620
23861463
2218757
12150334
21225751
672321
15988377
15240784
760688
9195818
19949985
5404018
10744609
23133319
22025146
22785529
3678089
2582437
21243446
7987634
7750101
7835899
4950329
17063611
9669290
2484894
10405808
17186139
1117836
6746863
1866473
12941793
2130998
8782652
8256212
8256211
8256210
15524231
19688131
1569803
21825866
46532
23585692
11720443
8917192
12574193
11716232
1186495
11757244
11757248
17427218
12016484
6234530
15292360
7493375
6496401
23391119
2890090
7984511
23140924
7829628
8636377
5637238
18806681
4923906
18651821
18651827
18651826
10200298
2806355
22404432
21551259
19033850
3035000
17063805
23689063
3331226
21498368
550388
11038209
11038208
17065406
18388854
22382509
17184544
16646689
10951350
10524574
18836370
21606412
21765992
3258183
21690267
11524247
21190982
6130703
18174721
7263765
8962990
18316595
7125073
22396039
9072669
23961501
11452645
7781810
12850460
7982684
7915823
23512389
21803187
21803186
9002772
12077916
8797874
17119000
10319034
2260009
2970082
2157143
6932046
7286343
19785521
21509150
1919332
19606248
14994142
22091276
1166060
9934586
9568159
18996821
6867477
11326706
19662413
17131404
6878728
22341042
8252485
2424399
20525911
23543666
19443294
12439612
6895002
19258410
23723594
19546050
11238493
6130134
15545189
9931784
17572372
8756555
22527889
2164546
21770481
6397504
3281190
1523166
1673649
4602211
18514391
10452509
6144034
2323727
3112776
22584709
22584703
12094702
2890675
14616841
15572422
18063088
11747268
1744716
11685560
17021738
2893198
21836817
23900477
23196676
21031322
5536344
2871041
2868883
5753031
21857107
10448729
7046403
8501144
6353060
23327335
16343103
1805543
8485775
17389879
6035396
7262831
7874804
15863962
9860226
9626044
7308165
17534017
23986546
4627436
6883734
10463581
5540546
389410
21184191
6503438
9100540
4354916
5400488
2253409
6648816
9619333
2635843
9868902
2631696
9149305
9243586
3459939
6736207
1964783
9661621
10452322
14655142
22109971
4835126
20465531
19675075
19160863
2870690
2878066
9003111
643127
476574
9617105
7913660
4587234
1936546
19191751
17305977
11374817
23745650
3195602
9174630
21298988
4362123
5446571
860540
860544
17274057
9265135
488301
22819076
23235189
14962731
9426419
9096393
2899944
2899945
6462500
12585034
1850777
22989468
18544268
7491518
7491519
1356609
3408230
17483988
11429053
21166471
16350733
9270266
16868135
621283
4076227
21826673
9235106
2766309
16610247
5781452
10843288
11817715
17209045
9637552
4721441
21054478
22328846
439489
21436957
709521
410776
2297642
12401542
4102603
14500395
9436472
9436479
23514614
19215381
11303513
2222420
18515739
8050128
10048954
12072055
19629419
11279608
5637308
861958
7952164
11380495
3568825
7226060
9890740
15157557
12410354
15009049
18502338
18502339
14719104
9263335
21045688
195231
6311819
8912284
18283628
21134556
21298879
1169097
3024119
2873073
24249433
3359436
17728897
4564062
9449631
11074634
17123344
18445656
15067180
12659362
7345113
15267170
16954161
2274682
16094121
9452077
3733859
21254918
4584540
17316110
5363597
16705552
15613280
8846566
18378960
3659307
15240638
18979455
2862629
1979773
6546495
11045428
3776922
8829625
8766879
21594357
12114807
2173051
3776211
15069329
5653625
14659624
2253630
23023200
24001745
5644693
8630453
17551473
15564841
11328930
15126569
5507262
16166330
517520
2329887
16205644
1362409
1362408
11801705
2572526
2572527
10843170
3783976
11870351
4081112
11116144
647984
8225250
22500115
20704575
18652278
20013
10084577
22473335
8180782
9935053
6222338
24127332
17006852
14707871
24037980
3536402
15619977
14656003
12457446
9799343
5013799
6661979
10612479
1947764
15300425
2576280
24179649
1356639
15307464
24073856
9660211
233664
18012
3692888
8795589
2848088
9288142
9686011
22078085
8430374
7131083
22233172
7934463
12195292
11397669
16519882
23640345
1685876
20719260
6151224
15252397
11289766
21325074
9824378
23979292
3681441
5117060
211777
4682094
9012117
5453460
22216705
1394547
8372687
8608543
11600575
1357828
23705087
23042124
697542
20712590
6127216
1131005
962990
20224859
9230192
22031513
19383830
4333285
686900
16569735
11484892
5121572
20308516
15450143
8538031
3068650
1637108
22136849
8821960
11105594
9167949
9167948
24002501
11006619
1362419
2115330
23906686
11204961
16756963
7056166
3760981
2235983
4197369
455172
2654432
15746253
1110451
19841562
6611007
9204204
15671773
6150300
13610
16819281
23514372
1411944
15164439
11673360
2886576
2804448
1769183
1887151
2917321
11227733
23771319
15908165
3855302
18181195
1248795
1686137
23685355
4359415
423666
7099794
5060501
20212415
4834902
3253470
4463797
18376354
19015853
2269360
11471675
3808964
3020852
6695252
2680865
3180443
23696715
9818022
17639053
17639056
17848408
21704168
9379100
431034
20548144
16829704
3814486
2633005
15709206
19409713
5539034
10740693
11194546
11122435
9831383
12467222
12490842
12490846
3732310
23822199
23104465
47699
3625308
7956909
9279566
10335943
18375923
23985043
18542111
7460633
18942719
10616889
20943719
22103914
1969787
22328107
8143880
1969255
11130252
15168342
11374818
12563086
19675872
22801569
8957499
3976419
1599469
16487008
15853229
3316243
2475662
12920219
11702109
9606293
9606292
16931913
25340
22274720
4632792
2974318
16479341
12558562
19088163
12869284
20351352
4628882
9404116
22531829
5033297
9609061
16091499
16091497
1823847
1823849
9143934
16029119
16029117
8782199
23240926
1977512
19355822
20574174
2859145
8787964
11762716
12944480
11720876
7257702
2889715
22233588
11726097
9355239
8403695
3698510
7129948
17429094
3500074
18008350
20371662
5802435
7073356
15153799
1974875
19691107
2699641
4117134
6806760
15640889
468523
9021116
24362483
23831771
20648590
23705946
7904611
19794292
9146685
19415998
21751886
3843691
14561794
76933
9524712
3371722
22111543
11552438
22896930
10464711
10474127
6282522
3245215
9234301
7267504
7588944
23348184
2246675
15606376
4472910
22733476
1676840
269368
23828865
2897264
12502937
4827023
7233951
1672289
8208368
1996539
8502253
8502252
4695843
9236831
6282727
21573635
1362306
18540307
24125629
2576938
8100201
2576937
16101158
7857421
6199352
6321700
15272928
1934528
7175316
7049349
581184
16549818
16549819
654839
15088520
10726254
17405835
1099542
116203
2544165
3191450
19563448
2519398
4300147
607059
20305413
2891648
2891647
12460332
1348208
21688489
4736303
19281427
3535222
7491529
24259657
21444129
21711375
5415403
16845858
15741265
18322301
20969693
20223015
11693822
18363009
11831978
9825479
949038
5006140
4319120
1998949
13620740
4684875
1824340
3990162
6798062
1603426
21134565
21134561
3946309
545582
22118325
3488930
7630178
4130180
10022819
16364714
6207198
543445
2901928
9713490
9329372
7370980
2418697
1117754
15886753
12679485
3027281
8054788
2417931
4462973
20032400
844427
2730063
337754
8339225
8544456
11392493
2891216
21294389
20719259
23185843
11289739
16309220
21479684
18419980
11386024
12604374
6633893
17555910
7747249
17391636
993955
18188643
4301476
2282316
3896182
10468916
23231950
11942005
20224861
23011723
11323565
6449557
23934677
21049467
3147444
12884527
10361810
10810995
19487296
6999920
3014031
4056439
298752
476268
12186130
810628
3168076
8875751
9005145
19468197
18516528
2716433
2599575
21332094
15098009
15152949
4975986
19815051
15098919
16849420
8871008
5545920
6966103
18631354
6778092
16801053
9112914
3300386
19240193
17963006
12879602
4623875
18206480
16085941
11765341
23514345
15242577
15590017
5822058
7268276
20667564
8792007
2859923
2607690
15855933
17530247
21134882
5414512
12474140
1359042
19469690
17581307
8330871
22038905
16162881
12186497
18229601
8016900
17019434
22526904
16782438
12019403
14647143
9388857
21867742
4705162
8152559
19156423
3039200
1983764
12574209
15289241
21717441
5199611
4112681
18594930
2875992
1434853
23514568
21978719
21047422
20495084
20495083
6610687
4097689
12930605
10095809
2831560
2888195
2794874
20151835
8495962
11883863
20083156
6849663
3968709
17635293
20847059
12087618
17218927
2910415
2910411
24030941
24030942
5131955
593743
22397
12673960
2531392
7137087
1356053
11732489
523869
17610518
10478744
22032817
15698736
9881336
7389665
8239354
11143545
1007790
11726128
8789493
21607472
8096455
1594480
3943064
2705868
18323285
2607796
16329987
718127
22665903
17892923
8733776
7944893
14755766
10922248
2091283
72486
11815960
17548035
429497
2826368
12089862
16405409
6087305
1016086
3525082
6131877
2247844
2247843
641581
19068183
6712322
6130834
205697
6610449
7536460
19015274
21685868
21275766
6125349
8390674
24246352
230141
9024213
15779075
15240649
5067812
1677951
15240641
23766359
1275056
6686625
2873751
9062503
496696
10367632
2807149
2807148
17363508
23158184
7725747
7725749
7725748
16409432
11321340
22968075
18626656
19902289
21936671
22584721
15953945
2641802
20549176
20368568
2231001
10674273
14760839
20380254
19087340
7419666
7373099
14759564
7756250
3103327
5757456
11026573
19564535
4115123
2649020
17188151
9239239
19372564
5660301
5249872
4845577
2239991
1398540
19005720
15925476
12016469
6611265
23514266
6723379
12574769
1268473
14740541
24253105
11405089
20881258
20920711
1967221
8580565
5700277
2866724
11600571
2433862
8531439
15753673
17188173
15999359
867706
860043
6407193
7911734
18712683
5157923
10822219
5551806
10218966
12910514
6148808
6148807
3407193
7296514
2891646
2891643
19952463
7974404
2071230
6544812
21673468
1673164
23645647
18563491
6516695
957849
23744408
8599044
8599045
2631449
224074
8461239
7682102
23056499
21422803
742079
4656226
7826911
2185686
21342381
8157706
8157705
4435637
3158726
8632274
8473386
3488230
7353201
21521337
8522302
4908378
5128860
5670754
6150555
8981015
19536854
4720075
14633662
5650641
22663550
24065313
16259560
5438492
7394926
686877
16829644
20628986
4687885
2900620
2900621
8555702
18442958
1356907
7757568
751230
3364935
18431145
4303306
1692523
22498183
22498184
16758654
7818240
18213725
9769123
9769122
16794366
6109732
10999773
16370559
6323053
16712668
20615131
23430575
14758572
6840715
22422100
5501703
9359494
9794240
9255265
10619409
16831027
9498199
15805688
11127524
18305053
15586612
18617610
10622534
8088289
24316908
1595326
4649671
17581750
6047980
8745063
11820587
6256051
22144222
8339736
8782200
8369268
6747984
3211032
2227923
11295841
2312602
15753368
3076108
6688701
851028
12182060
12182061
15640548
10971170
23331839
14561572
23902240
321956
3706618
23595407
10699905
12190669
6378353
1202087
8828256
2875869
15041969
11114629
17609406
11466678
22305971
23509102
9777749
5559580
24115043
17952863
10414462
2557953
21943074
20833330
8746014
2499093
24346019
8907678
4681885
464519
4079577
449756
6687422
7372781
14692663
21986619
17897902
229834
10628190
11751073
7756676
9920370
7985081
11534184
8707923
20039894
17185902
16891093
7845675
8768845
19690853
9044606
23832286
966925
20063552
17614776
7307141
816061
24394853
21875731
4708743
22156466
637706
9931710
19088696
6708613
1207235
9868525
8616867
8832707
10550294
1594986
851311
2112816
16865646
16865647
14559193
2357697
22992277
748351
12709734
23831201
7493165
20942235
2797533
20952752
19125012
7190894
2332719
2901430
2895541
21521275
22290487
19687404
19522829
12074506
3941098
17909067
15163310
7992080
8551158
6148974
15355445
15142370
3441638
11346440
5785544
3029991
8130165
18365214
2310607
2831559
7344949
12803011
8442504
7672794
1431062
15452899
17185892
9506724
18443183
1837099
8095831
22374978
3877961
21622722
4142756
10871866
19141248
1111937
8807338
19636196
1428764
22447142
18931957
6521557
7911752
24297798
12172572
6249833
21765987
934368
