doc_id
18552478
14508824
20372903
2370424
21162091
19830129
21879263
1788076
10598412
17967658
8761374
17708543
15916139
3358683
8027371
22379896
21439688
23544999
19898969
16792315
17703452
9563542
6894894
24255689
22728346
22158951
22892223
16936997
23883275
20123456
21643773
11030879
17429154
7793479
23526581
24341498
15363278
22120515
6313317
11707626
22947350
22791758
10688213
10385447
3965094
8626874
19321681
20852865
6577865
5096937
21791618
23631133
20604686
12634964
17910838
17910834
16941571
22962671
22962672
21480256
15068612
8229255
17192917
3896581
1532241
15499298
24302666
22313454
9635675
21512141
23656720
22996055
23483569
17131414
19536760
1904509
12720532
17465240
6697317
3551147
21389143
18098308
16595825
15236269
10760768
13143294
11692424
21358618
22248037
18310287
18310286
22895275
12409522
21386785
12853977
23717668
12114767
12114768
14870776
610554
24019666
1241121
22907829
11454042
17006742
24021475
16509525
16922467
10598204
9931790
14722676
15179755
15648552
23003571
23256514
23243533
10661843
15219102
22385288
9501829
18558593
19017759
18177804
18177805
4060255
2728801
23370668
2325609
11505212
18404277
16981339
9376479
20950194
24097005
17172492
8669172
21623130
18059376
8838340
12723285
14996725
20629553
24263457
20629554
20606729
11940050
12845654
24255586
17315032
24255588
21613356
18064695
22586128
10937763
8780751
17168441
22589604
22826964
18324441
6486614
6486615
1750285
17929014
21679579
15806164
17220349
7745234
19670737
24301304
9023252
23281387
7558815
16609667
10757334
19773371
22523209
628270
11166919
20955590
15931286
21692062
21358079
23981603
4005800
19772423
1280319
8675574
539686
16028414
16927818
21123448
22528941
9860231
10772012
19479461
21400522
23986551
18390987
15994745
15994742
23607220
1502411
23640873
9221636
9221637
9221634
9221635
9221638
8131874
17127850
22806060
1950324
20182356
19766698
9205869
19825987
3254803
23544172
20734078
19321256
8490927
8552578
10792347
9484634
11393570
19107232
15951927
8571726
21876098
9684590
2789232
8529444
21863325
21323588
9641454
10749592
21512735
19352273
22069951
17152279
21419724
12943231
15687830
21795452
15967084
15967085
23616395
3922611
22996245
7857722
10722002
8935135
23153310
15714595
15714593
23867349
20518289
21617328
2005453
9247627
20860423
20860420
20860421
16780882
19475551
21563322
23128335
12802477
1361703
19727757
9374174
22327316
15827782
18806930
12695789
9542525
17454149
21484047
2381052
18311502
15761561
15761560
21190978
21687601
19191744
19191745
20718681
20718682
20718686
18683134
24086368
15475567
17608132
16137536
19060924
1577414
11329134
9395820
9641895
20009493
8647677
1381131
15847782
7371174
23497965
22168782
3699664
16523823
430201
9735110
18505566
21453615
2221231
2221232
1402321
20631495
12446921
20026816
11391381
8947531
22745248
15034676
9045959
20187017
20187016
19528408
6866776
943964
18611929
20463576
20637436
23621264
23933699
11083534
21512667
16124166
19265493
12114679
21739307
17212313
3968471
17547692
16356090
16356099
15119004
18568524
3619809
11109824
20381323
9770715
7980249
23617728
21512673
20502182
9476372
11272095
22782175
2392603
15565567
20649422
21997375
24222765
1528299
9269905
1542652
18025951
3101253
9106294
11742034
16916491
17042692
24274694
19370505
19004135
19370508
19055122
22985488
20016240
15832039
1889508
9379512
23652210
16918293
15998773
7524636
7524635
19549249
19954579
17106203
16263822
18253801
8988680
12097207
12097206
8402490
23851891
20677999
9380635
18605946
6547312
24366644
24366642
15631800
6637334
22376167
22496497
8398712
17308358
1485747
3194848
3194849
21882184
3194847
3194842
3194843
16983469
7560812
23302164
23302163
6409563
20631516
7433273
23837752
14550956
19765726
22411092
19207009
17953826
22718439
15363330
17008292
6868631
18063075
534382
4702537
23729380
15277225
6879741
8925614
23898609
22969748
18335766
9582572
21850699
23197194
23904314
23724150
1207280
22997209
20584589
23958091
1891937
8729520
16024952
17655865
20094884
22147099
8131002
15913201
12679489
23025507
610539
23780707
21383698
22315013
23157897
16918964
8070721
21842215
19500021
3348166
21844909
9709927
10758605
19632691
1932733
23270903
18341829
24045534
3628022
23913779
5479716
3987701
23821288
21403618
18043490
12746563
23162025
21909080
18284643
24372980
15780565
21691237
21053614
16264407
23298113
20506003
17721188
23132792
23132790
19506324
24102584
15028317
2962104
21034453
3770736
21687597
10638405
23066120
8410272
10773666
21853444
11031860
10528289
23885719
19373906
18035964
17001109
23105199
19387216
15765013
19517394
1150869
16311041
19190121
8538619
3352271
22275472
23109980
18209903
2346366
15640901
15640900
15640909
24394985
18277003
3661838
12708097
23404751
7410531
2060154
18221503
23234462
17488796
19296927
19607742
16438077
18079153
15105893
20615360
24350419
17409099
19094514
19094513
9051186
10938686
22067268
23090642
159423
22176837
11202268
12182039
12182038
12182030
12182037
12182036
17699795
21370500
18854619
20484385
10443689
2035743
20066572
23504142
22980131
23205883
6634419
19910012
3975583
20403734
20838284
20194002
24233662
24337906
20498477
21113590
23231932
23529347
17553654
11379568
23009127
20499433
15240622
23508860
18769305
21626080
12089749
11704822
14934023
23073506
348433
23739638
24325646
8237371
20135936
21507446
18325367
10598191
10598190
20804549
20804548
18022779
24345825
8619755
22001636
17426903
21169742
20070768
16676409
15776292
8697869
24396673
10188868
24396676
24396678
9473076
21368478
23668559
23668555
17709622
17956956
17956954
22853728
16482598
8651348
19744107
9848721
9848725
18923371
12940462
19259350
8170724
17498378
18058605
17344018
22224815
22224819
20839063
21808294
20714830
10030330
19094497
8844735
20230995
11130332
15490071
6991143
10843148
24305931
6294576
11419981
18936309
19224280
17519654
8575487
20020626
16715760
9464949
8536638
15884466
11043714
23594687
19589101
11750045
24367047
21837696
16000851
1697567
1463115
1463119
2049778
7920004
3048001
18976119
16610171
8194403
21470600
1956681
20457446
18414877
15359929
15350384
21765238
18973692
3978546
8695730
16603062
23425972
23000762
18477556
1403156
23373961
21834676
20451230
926911
10411122
10411121
19851034
21781145
16181234
12374663
17006842
17006840
17006841
17006844
8276544
22988353
23183621
2075308
10697956
15179758
2681472
22299551
21181469
16647954
7665828
8279452
11016732
17854396
19040983
19040980
17609301
16995307
16784981
24220443
1927184
17199737
11373937
9099982
4071392
9595781
22064080
17653791
10981392
23575762
20479583
9086573
3801181
6853672
21814573
23435044
16268813
16268811
18469487
15517478
22561568
11903601
22724272
10787191
16416016
10097700
21607603
11331447
22513979
8919339
9074516
9074515
20020291
20020290
20020292
17134022
15072698
2632472
23423788
15931277
15978330
20661558
12574841
8062468
19147628
1466156
10512097
13679693
19135930
2777243
17374490
23776923
19067856
24020018
23600998
21989667
23036367
21989668
20495396
16310972
21748817
19942990
21356639
18322127
15067179
23172165
8790199
9298290
11701745
11704999
21503841
6234573
21927994
20213827
15538930
16127218
9236893
9236894
9852532
4706203
20823296
9543128
19350799
17039802
20212015
10609988
22892017
24260054
10757070
16437961
16437964
13621193
16858194
23486990
24045964
20306451
9001196
17761947
12471007
12471006
12471002
19969444
10468931
22973979
6054261
23095203
8771097
15886500
3908407
8196451
23098431
21655871
23657056
8102129
3381624
23845288
6467135
23715628
8499235
18276113
20204550
21938494
1871955
23344507
21151690
23766237
16384850
16314444
19348582
19348583
19348580
19348581
19352051
10083732
12752224
15604941
22785260
7878198
6714092
23166165
22463724
8480165
23100385
8871922
19387316
17891244
17891245
17891242
17891243
8821957
20205098
9209467
20863596
20379035
6472152
21739512
15292285
15292284
12577410
7427027
12472169
9778875
21820215
22308835
15050181
23267166
20966328
19603248
21334773
22514085
16946010
20138424
9466701
15167512
19626824
19626823
18697864
18648806
11283483
17101408
22829399
21575418
20607686
15068628
16910354
22194161
19296013
21055244
21221869
8441273
12637586
21097568
9082340
12411872
2180238
24050958
16133664
21605002
15632929
22065195
17687857
19009371
11389034
714473
16586292
16418215
19349473
7547225
16157530
21210115
16954668
10349376
10349375
8293409
10760750
9445411
19799084
23464784
23844459
9379097
21153817
19548388
8640758
12699600
15108096
7435777
24246339
20373983
7807728
14732779
17159243
16479246
17159249
23697667
1009864
1563711
2744644
20415200
18386128
15179760
15179761
15179762
15179763
24217901
11291053
19947513
9280463
2736500
19486776
18237420
9239245
15803020
22247012
16244583
18407756
6727283
17020456
14148077
21642358
11393092
12091503
18854266
17226813
10615667
19169488
22091417
23111353
7449540
19878072
23306957
17147082
18025430
923444
17088708
16839260
17947943
24192286
17947949
19759871
21378078
11422105
22568399
3410936
21730105
17489069
21568726
17557967
19732762
6285840
22645512
3089192
19253734
19269016
11523623
8156527
12738763
11471663
20877918
12621014
16858683
8781630
19445273
24374647
16613343
24121722
6778691
23293053
13238257
7676714
1992028
12107225
10958317
18409152
10919166
16189702
1462145
19128681
14006084
21127756
18592264
17318019
15497927
15173915
23084014
10363078
1371984
14602780
18070147
17663365
16940367
17195959
12640681
8550383
17542679
14595788
7775198
20187786
11098579
11098578
20187788
17103166
7789007
12892796
12892795
19863574
1978945
9207967
23110552
7515660
17638058
6478402
11251175
14735186
11950855
11007042
9829579
17684395
21339402
21147872
10426572
19769825
23608867
16900519
17310837
18784956
20460314
23416953
20146100
23067330
18578619
15680400
13801139
9192845
24383104
22778453
19123022
12161538
12161537
24277231
21416550
7079233
18160228
9724994
218337
15053294
3751088
17359556
17891247
18042175
23860349
17685252
21447745
14267632
21464719
12490976
23821365
10832111
21698415
19415957
7123844
22889801
8147226
16918050
14974929
11786418
20486066
19817905
2984898
17386370
3306936
23397759
23397752
23397753
23397756
18709046
12534222
10634383
20826040
15098441
23839586
3117471
12618333
19014278
20625656
3199736
19675867
22418010
20700666
18176339
2105703
8409736
23917143
11699281
23766517
7666591
19432095
2322802
9473261
11716043
21947747
15012611
15012612
20130857
8875753
20172376
22977629
9990276
9990275
10958938
11951130
15550503
22246427
21163072
23797723
5675290
23461399
20092427
24077221
23692026
24008393
21739331
15605517
15605518
20854070
1525580
9404100
6648813
22785182
9868959
18018572
18018573
18018571
12001695
9117274
23487501
23451063
14506636
24285679
17180558
1384673
21140111
17347900
7416187
21063234
6495352
24306103
21126146
24337241
17561976
23361896
7536449
23487510
11419547
22458971
22788117
1740931
21890651
9419100
9288568
1569189
11114739
7300245
18095126
19956384
19355831
19355832
19355833
22770943
24092278
12818111
22682753
23009688
9464439
16513626
16340716
11478265
19961815
10952495
10619273
18241716
15170997
6722747
10865038
8027262
20924280
17705176
9438393
859443
22007938
9193808
23918565
8985087
19507063
12193298
17996901
19199002
11268701
8762327
21471561
10917064
9741200
23133181
23133180
10718557
10718556
12470420
3887295
19464706
9027206
21119260
23636513
16369721
16369723
22654876
23809489
3745409
15540187
1632974
1351693
1895859
22087440
17536106
16681439
15735853
21478229
9786809
9161822
20139234
21325460
19735058
17938324
17938327
8759540
9457259
18581271
7591305
22291704
8094510
22066042
19260112
16166845
9840544
17802825
8908447
9067436
18242907
22310269
22278672
3334817
21340193
11753960
23099542
15027888
19668893
20824810
17199433
17077130
10986601
20442647
22937389
10464700
12112541
18284635
22711546
7304549
10854557
20112021
17381488
21849530
9641897
9641890
9641891
9641892
21157216
22869846
3971887
21131769
11779317
24190100
16761493
21190433
21190434
22908057
22515292
8508424
17668586
15205104
15205109
14666639
14666632
9141559
19578592
22846387
11807785
21509089
11838737
16772343
16772349
7882445
17292845
17547987
8086348
17388820
10740608
22663926
4751916
17115345
12872571
11913113
23749834
3887828
11048798
23214316
8275421
3437790
21834960
20233251
15765025
23837025
12187333
18454932
1413827
7633123
18831027
18831028
19692875
21742463
23972648
9005765
8881917
3428064
23124070
8903492
2263801
22736773
12633563
1814515
17032718
16299237
6255716
22898677
15649506
22898678
23255945
15681856
15681857
19639189
5828024
19504551
12534735
10090132
19009317
15613458
8654612
3126537
22050475
1326270
19137632
17349567
18670854
17609306
2437003
20505894
8691351
8784379
23745318
17016634
11579677
11735693
18785536
16542796
7246276
21674964
19152441
7013692
16179790
23579962
391491
20427166
24149717
11789725
3819930
11801967
12092311
21647844
8958307
21508143
21299092
12533838
22729332
1593885
15971647
23599804
20769823
12818605
8375857
23529395
1468765
18417091
2751897
8021137
21170937
20186005
20490696
3694165
11416889
22594576
17124943
14771349
18228215
8692486
3766138
21086628
17071323
8290261
24399011
16736341
9215314
24137580
12548161
10691310
15070929
17443733
8988747
21646855
17885787
20972735
19253367
3437619
15870511
20576407
1561118
9841750
10934169
11127736
2307172
8885814
9143389
18303218
3618217
14668734
22150560
274888
14987237
14969185
1416515
19859043
10646665
10646664
10646663
8299652
18341377
24342426
18341378
9101828
9101829
22228358
12053086
18925698
22938406
9729656
11379634
21698517
22033971
11720887
7283051
1413825
23427895
18753824
15233643
12192566
17043633
17667921
11932270
21606885
2462573
9776448
16796955
10912933
10912932
23890372
12783219
23098385
2030663
23365543
21538956
22131992
22965902
14508525
6823900
17665659
21436994
21243355
22508706
21400667
2408737
7500796
22048513
15041723
8837327
23659773
1951888
16724700
20596784
20543822
22791600
18612697
18696273
16883003
19170045
11336322
11004330
21325795
6590909
8697396
12822408
11765342
15273715
3880982
11927965
1597728
19190105
10720057
20012287
21093183
23951827
15547711
20640859
16951672
19491068
18050283
15815847
15762184
610546
20156922
19420273
2998424
10367624
20017617
20017616
8622903
16420177
17132699
22953123
22313838
22776660
21977029
3155492
2134378
21909078
9793200
9768676
14211446
23459462
15781663
11370541
11370540
11370542
7979503
17512281
23427917
21317830
23133761
20652290
24240178
11186427
16184253
305087
20145622
22300249
9651947
9605742
22311415
11038196
22233131
22732794
18417873
20551539
4012199
2001162
15200037
22174712
22914564
22710988
20427505
15816374
18327775
24214362
9196014
20410389
23569010
1455318
1455316
3210869
9331301
16400382
16400384
20731005
9935226
23645532
24030184
23384723
16927796
16927792
18418591
18334122
1821916
16015630
18419979
10337992
12787916
15515746
16459050
7747252
10399184
8257069
10989971
10989970
10536170
3957250
1717926
22892040
20727022
20855721
15870133
872057
22773156
7904498
15185610
20398195
7762345
21747091
23998291
12915653
24232180
19908255
11477660
12767085
20701027
11438887
9218911
21268762
10755332
15453947
22973946
22416410
18314596
21050834
22402972
9551263
3454100
24002705
5512907
1943407
22234582
21049459
21049458
21049455
9257504
10543413
6896702
9694109
12115081
21956418
2046418
7988483
19488567
20026713
20975560
24316730
16351679
12791816
24283207
22425190
10848882
15571025
14615831
3399222
19463626
9782484
21749453
23373232
21848552
24325994
23467027
12883243
17969517
8459308
19495791
22570818
3733179
20045163
19145676
20173019
8469641
12461057
9744340
3142712
8634704
24030686
9349584
21615309
21615306
21615302
24107636
12641628
22946465
12641624
12641625
11820608
7946987
11759244
18788923
18953806
8635070
14555660
23723055
21467854
22308864
2393818
8208524
13753888
10680917
22364239
15452157
19167972
16334113
20505997
19629346
22870129
17264467
16623982
7183024
14750392
16440157
11721202
16478817
21469977
18682151
5488317
9177396
14506680
22414970
19153015
19293266
14606655
19615266
15968271
24273003
18816184
12610352
19883730
20882418
22539585
22539583
8291446
10229914
18224467
18592317
22503316
15232708
19798895
2919261
24094449
21750045
21750043
12150341
12753989
23510883
2323412
23966419
9399655
17536453
8640708
23181129
3289821
23596110
19067727
19850689
21538186
610543
16722927
16452550
15349109
23042745
11213503
22753906
12476570
21587112
6119069
16568855
11898029
16175461
24211307
21332645
23019347
10572907
12446920
10599717
391042
23186064
9064416
16758677
9292959
24039206
20535589
23104708
6275984
20091309
9476925
22052539
20113682
9170425
9170428
19039550
9752488
9752489
2295866
20191060
20035348
23116823
21479451
8476139
23483137
743403
8209888
8801279
21577321
20625837
1880588
17603313
9374215
9374217
8256208
10065139
19454190
3362267
15266173
15266174
20956888
14558920
16910880
19380355
19380354
21566498
9723599
19725780
15275717
21675817
2993656
9305712
15679439
23758653
8519203
2590858
12819023
22316618
8992477
7541370
18677209
23886742
8485781
19803789
3766914
23462224
22629532
11198265
11889175
23987661
22430670
18491092
3441615
16335684
24238042
24238047
24238049
21786097
20025539
19433299
8581147
18154116
22335187
22787184
20720058
22752848
17726546
20387655
21215196
14715824
16638846
17938756
15094442
15094441
11391817
18811948
7829632
15577584
22369326
22109678
19293631
14333105
7982310
23276755
18055421
1355598
1292405
11889192
16627920
23525852
23676148
15929668
8232185
8232184
17511900
13595165
20441483
10371598
15563446
18499997
21778212
18416052
16270771
16595495
15756057
10574111
17499145
7256806
2998885
15234032
19176457
1517360
18787380
19198928
22747746
22899202
22494995
1558930
14870781
14870780
16702521
15761501
7882446
7882444
7851142
10491561
18580230
17916995
16925968
16921272
22315442
23101467
19167722
2594368
14608909
6531150
2856622
9076352
22930786
22930785
18752130
17201587
16676396
16485577
20414675
22888961
463561
10518149
2293877
17210721
20130868
23635911
22538288
22426956
20953412
10027004
10027005
10027006
12375648
12375649
7984956
1396151
18645077
21862261
22530159
16959467
15118916
15605525
19041020
22488961
9568142
24081532
21460783
19097407
24385788
18646677
23807380
7985084
15657574
7985080
19558845
7985082
12675763
20840792
18670773
11505746
3254258
24277507
11502772
1295658
11473207
16621423
9459635
15653659
23577313
9099539
10699809
19852736
20525903
707725
23334130
23955992
23489940
15707074
19020218
21977331
23299031
11403179
1517082
20186542
14586073
2803445
17045009
2349183
2753685
23678034
1451075
1451074
22673534
1683348
8917340
8183745
21431280
21877933
21195999
16410655
9677513
8954034
21800288
2625600
10427154
17053394
4815916
14747959
20844663
20844669
18558601
11745186
20887838
3834730
23079930
20395530
11421549
9539294
17021427
23997506
2811625
8280504
19809803
8683330
7908818
11188803
9218899
17103065
23197912
20450434
20450430
20450431
19919788
11303631
6734337
16401941
9329585
23939265
17524307
15262763
2013621
22956067
22740704
1742925
23254479
3763006
12608660
21450986
16785820
18497944
23806737
23589120
24084444
24084443
24356783
16708643
18805871
23120251
11261295
2902563
20718321
23810163
18194605
14600911
12707638
22930660
20447069
15744152
18498667
20447064
8736512
17188145
17188149
23917784
15907781
7892044
24283853
8976503
3334935
24405857
22654559
18840924
21263451
20703465
12431169
20703463
21871002
15630334
24401191
16886229
23691401
19067640
3347223
23167299
6438737
9699132
17615566
12963982
567016
22953991
18596272
2313353
12383428
23446741
12874681
18613899
24142502
3600795
22562954
11288982
9363448
20514841
22474878
17684619
16728577
16728574
10815903
16728573
21900378
8574299
3767543
23139822
10572275
8137584
19787312
11484890
21654299
17822248
12213844
22481871
9001272
22294492
15228442
22605833
22527019
23238703
2155079
23115614
10470226
19958950
19958951
16378187
5740039
20575968
7340686
24117205
611252
12079713
935387
20500581
1885167
16080577
24272198
18928727
18212749
2711816
23895145
19773250
21712914
15671095
21860548
21860547
11006491
17582381
16219715
16219716
9170717
8458106
12097198
8550785
22165686
18389784
23900865
22649395
22083639
10595458
18334121
20660003
10097453
12474227
23049733
17124919
10549036
3988552
14987144
1821914
16209047
11974529
1643612
10726999
23235190
8712598
22115282
10773139
19655332
7979902
3245216
21771294
19223525
20665734
12383219
15139998
15139997
1992985
19688395
19623515
14660715
20052467
20645089
20737499
18999880
21054207
11109916
22355500
22068256
16574765
19933483
22823995
22136270
16859137
22475976
18466080
20042405
2479256
17097131
23069579
18936609
3185493
20120861
9284711
7745123
9608866
15798466
12743496
22458945
22619159
21125756
19922591
17171498
22673565
9625447
15693548
8934054
11232035
10611592
12729478
12729479
23806056
2019909
7798013
21060764
23045424
16595592
10850318
21606360
3459329
7400830
10090310
8842184
17987724
24150898
22017394
20012969
24350640
17405173
18390021
23493434
15324449
15324447
8980352
21998631
16273245
10843292
15841292
8269678
15841298
15841299
9496457
3202264
3787465
3563588
17696836
20510088
3696136
12782592
17156473
21538966
23261411
19917919
22663549
9436481
3180613
22690899
2976001
1940060
18257934
22419100
24101052
111446
13211774
9436482
2121913
23737884
21137070
22924613
16369995
22972508
7106763
21949582
17519916
17997826
23564944
19968886
17914110
22376168
21135696
9798460
9798467
8412163
15603325
21750869
16116831
15531482
18335749
15650356
15650359
9517740
21503216
22740962
23253715
20582517
14521888
7757572
23138464
21826256
19068704
22774213
3194846
15258907
22442909
22442908
15611468
6745057
18587330
8978186
903679
22184105
9239242
9239243
9239246
9239247
9239244
9239248
20564403
23327964
16613808
5422914
10944016
23040712
22941167
7567932
23877804
20459574
23467309
9739839
10211118
24396464
20627053
20627056
1543168
19194115
17007193
17007192
23893334
23163848
22293278
11284105
1448049
15555397
3984369
21537860
1445745
15593462
19507072
1636246
13647166
16831036
20103668
17660159
23544739
23186979
23595984
16776192
22148122
23422764
8510876
14652819
11255083
12970334
12970333
7086528
18275713
16712662
6365263
9678534
19528391
21670544
11288991
716887
12162679
2589960
7218812
16255634
23120008
24262069
22374240
11139058
16117196
7903002
3613102
8806699
17872353
17872355
15356019
3466581
23324947
22702340
3473869
15671777
23177617
1699752
16984659
8870933
17973315
3230638
7566982
16477606
24189220
23827935
16200720
18677652
22829035
9616241
12140756
12182059
12182056
12182052
12182051
12182050
16719201
20399540
20066517
21950769
15251758
20797751
11989299
2209841
16543988
11455561
4077483
23663694
1552893
14973173
18047431
18047430
23781308
23781307
18177259
15240604
519302
18942072
12475438
20411173
23358214
17455883
4678652
22972977
11454041
11454040
10598208
1528604
9315093
21042739
16676397
6199582
22432054
18474322
19036543
8481279
10846652
23089437
23089436
10830528
12848153
18201851
24282633
22018056
16117405
20864083
16680591
16680590
16680592
16680598
22188859
17218076
15716612
22760408
9068103
23978295
11197983
11197984
15357248
10855626
19033784
19033781
16868637
24222120
16468507
18341383
17464312
6592919
17906980
9627262
19438550
20822998
22936503
21768721
4510095
12964023
17622726
1826154
21461735
18581603
10578985
17976512
22562091
23741817
19958948
19958947
12365389
8108648
8108641
3610534
14534007
14534005
12030611
16756464
18982392
16756468
12050691
16340297
12364475
11976226
11032942
7760657
12167101
1518724
1518723
21131195
23354036
3028751
21888655
2468463
16760576
9484947
16786134
22881837
12803238
11064390
17431714
15917423
71503
11344476
18546003
17091459
17091458
8965211
17091455
17091454
17091451
17091453
1032314
22503804
4009973
20605708
23269881
14078725
11799865
11704051
21215200
23939843
9467164
8086206
8462605
22785502
19433487
11475082
22362717
10520721
23300224
2195430
984923
19848062
20813788
19118072
22967877
23639973
16983703
23293334
22661532
17725102
11477710
17701887
19014658
24396701
1437145
18024325
6575552
23533888
15966469
13915470
20139835
17954023
20392874
10064389
21479404
14532972
10518152
3789026
15588246
9544139
18828274
18828275
22977712
23702469
10737579
17546240
3032545
23136908
16224416
154767
10319946
24366273
21160471
15735020
17493179
17638775
8915484
23997507
23609834
6293086
16932068
22541716
12964965
18847307
14602494
16183503
10439047
7675498
19158200
22654872
23264400
2034944
21976723
17473819
14652672
15142364
15788638
19942977
17577042
22431868
12440213
12501551
3661584
18575719
17062879
12165666
20518406
20646374
21705985
12240907
20803739
8545591
23734630
9144857
8389529
9989420
12225637
16478655
12225639
20963554
23859872
7448529
2026087
21656486
6472711
3768841
23482475
20607744
21411555
18419785
20687168
21140033
15609459
16827986
18651803
18651805
23323230
19789029
22447137
6947676
21523640
21272683
21272681
19543246
11400246
15796211
2245385
12723661
1803974
22828612
22344193
11038197
8294995
18837884
7584009
19777763
15690202
19645613
10432086
583290
9645441
15614295
16256137
20652698
17414610
23928665
3486115
17710787
23963832
22382609
21883805
21879273
21779621
16411146
10731782
3562345
21876975
10744451
21785850
15515157
1305063
20510797
11442006
2299788
18597952
7538157
22158923
20660387
23212308
16936982
20494215
20644065
10923150
19821441
9744339
9744338
9744337
18483099
19205413
22893183
11459780
19589104
1351465
18087199
12407561
23733708
10562685
16156054
23106056
15859312
20429628
3676998
9702860
21623608
12375610
12375614
22586301
20159740
1320006
7094368
22993562
23931769
18690796
18690798
23865086
19574281
15469488
17445547
15274390
4337954
19092294
19092295
10821490
19098181
9804398
9082363
23439510
17641411
16957996
17237838
11865176
17091452
11727628
11727626
7617649
457456
24307906
18317715
621487
20193458
21186953
15172989
2596958
15172984
15972576
20061783
8868098
3960026
16984252
17669714
18254952
23925579
23925578
12114752
12114759
23571588
12542401
23607002
23161752
8355874
17387744
20450746
21058881
3697656
11939757
22191261
20270966
9590722
10783567
12356509
14202591
17304474
10504000
9788259
12599223
8147215
23835563
19092161
21774961
21455196
21455198
8426505
17219991
23590130
13323049
10768565
10768563
19235129
10376759
10089080
15529316
21882177
8977699
22654848
6784077
24361211
8909165
6832753
1154611
20372779
18571588
11531874
21707848
18615628
1548887
15522558
23774098
15262757
21372688
16757534
16757533
23585494
18193222
10071253
1592886
7082055
9582581
9261744
18773739
24396700
19191290
14991901
17465865
17465864
10675479
17465869
10757344
24151745
16006725
23724255
23193961
11215223
21412391
15968416
15330196
11564267
439513
14762889
12679418
20724262
23626005
22415807
1132876
22928739
6731030
17199445
8896938
23337621
18204948
17160155
20332244
21198742
22654560
23803106
16628413
1939648
19375609
15759821
10635386
10635384
10635385
22512414
24378070
15364366
23263904
17219265
17426102
22746009
9870857
21424541
24132694
11081260
9211756
11956824
16962736
24382797
10339673
17158761
15588387
15588381
2106754
1701601
16044737
17160215
18074106
22369392
12490857
16568019
957968
19030653
24276613
9402335
15767811
20850397
12773129
18480396
18480390
14716759
23255036
10727040
19851169
19411807
7554673
7548382
15536332
8205357
21416286
16594737
8370008
1996541
16047353
20860418
6660353
23564257
16205897
7750812
21573641
21157563
21451451
3968260
20439239
23463092
10853712
18050833
23666969
18997044
6318081
23781895
1341479
9766259
17279579
22802008
16613533
22335971
22335972
1582317
20180072
9557472
20872145
17450254
23158172
23158170
22399280
12146049
15807885
24407910
20510715
20510716
20510717
20510718
22185367
21417916
16487016
16487015
16487013
6831161
9735126
9735127
9735128
18848696
7395226
1633237
6726444
16684830
21167375
7539202
23687957
19774624
16357561
21044120
23973115
2261912
2261913
21220306
21086640
2252852
22287259
10389862
7770421
9426430
16647541
20101222
23414265
17785355
22160654
22365643
24123003
16415430
9228264
15983689
10983937
23742290
22352010
16091480
21512681
19706688
8525342
9638381
8807246
6745296
19285827
14692811
21309723
23401818
19423457
12797929
19910899
7146669
15943828
14758551
15486894
23788690
18163106
9894773
21855321
2613926
1694984
17042688
15223972
22560341
11150030
18283163
10398159
22889782
23014072
24190591
21414327
3781376
19893923
16434896
11886336
11886339
10939606
3536387
23141398
11953823
21434525
22528774
15628964
9881896
19583485
23918549
9179117
15378648
18483830
1598660
12707203
12707207
8689603
9100614
19798876
427722
22225776
11485534
19288281
23417435
17966885
21289252
11054715
15640891
9404704
9813974
20736296
15196594
24352594
16483615
20091165
12100524
11352308
23079204
9482114
9482113
11158026
17008280
22661970
12708720
22781388
21913023
16531921
8608966
20117998
11729387
19567117
23788101
12109616
22094496
14568796
24252387
15909194
21469320
18685227
1935376
9360506
15959545
19260133
8784097
16470868
24228637
24002992
1393868
19725229
22310247
21451450
9511322
9591216
2234206
23928981
22494711
9439922
11865341
10684377
10761381
9419156
17931281
19936746
17137034
17070681
12101421
21223538
21568229
17000702
23469793
23469796
22642507
17717441
21121153
12057158
21643629
16133269
21477259
15240595
17765767
7872249
5903479
23607293
23374006
21530195
22043383
7169569
22466343
8923882
21739166
20476639
9435434
18086969
18086967
22173058
10853337
17216284
19534622
19534623
19534620
11443191
8754614
22270997
23414635
22270993
19755523
11678835
11678839
23609190
12169901
22233194
23544852
10884191
9728785
19247212
2499241
23725167
21214962
10330803
20713342
17561759
18348005
23227462
2823333
21475516
17186541
20162281
16350722
16430717
16350729
20264122
24326832
21936676
19061516
21835705
15522180
6675513
8678963
8678962
7711516
24292975
23729272
23052744
1363062
19185836
18851763
3731026
23145146
23403717
23580256
16051032
16984621
20940540
20940542
22335974
23846784
15845937
726425
10021980
22678126
11556209
3785700
3961413
12182026
12182024
12182025
12182022
12182023
11238531
12182029
18664479
9509945
24220341
20711956
20151824
20151821
20151822
10946899
11155213
8927569
3342130
18061281
2106118
24295207
22975520
22563533
22563534
20225705
21677457
13635247
6647410
8569622
16791814
19247059
23750862
1757150
10211598
16944659
10702379
21809914
5524580
22053578
17285841
19942695
21681407
22356185
22882239
7883555
23336429
1954822
24137562
17696946
18418222
10598188
2733846
9323825
22536880
18645084
17943694
23531738
23531739
22583421
24367234
19416000
11238550
16543987
16360819
92401
8554115
11293895
19286843
22075848
3956189
20706057
10595835
10838496
2679847
6736344
17252232
23110624
17965111
11148457
23119741
21285923
22294096
19863615
4987868
15876154
15876153
12841674
18923368
17522858
23203004
6825055
1756500
23050786
23050785
23050784
19016749
23050789
3613725
14524486
23455530
23361298
10980597
12945169
23629566
9371865
7114941
17308360
23728951
3461653
8530575
18360353
18154931
21113383
6378803
11247457
24272599
9006732
11729583
21658807
10197078
20587665
17309186
14974863
9510128
9510121
9510120
21404570
15719384
19224278
11189790
16374112
15072704
15880714
9186475
5911772
10460008
19330181
21183629
10955452
1601647
8949413
9678732
20561605
22965924
20498639
2311063
13893234
17453004
17050067
15645281
11791591
2625949
20026964
22927223
8024104
12240898
22614193
23730117
23737320
20494634
17005473
21045393
7731294
19620939
16239202
19653245
23636013
17091461
1396082
22914989
18064515
18235983
24059060
9018916
8612724
23683128
10065217
10495329
24068396
21991790
19652671
18956647
22740931
19039650
16444351
16444352
23788893
15310545
8630926
21140231
21140230
15297226
21937738
1571042
23474829
11228048
18470905
23857092
11227150
12075176
18337114
19040996
20349670
14575581
23667377
23110016
9597930
24338678
19732011
19732012
7483170
15798605
2605846
9709951
20685184
18818894
20298661
22524470
2755034
8943172
12113292
20470673
19156826
20877637
15947103
15947102
20069293
21496712
15947106
11376406
2302665
18335186
22673602
15517489
22936184
10190706
11360310
16676402
16676400
18779313
20176243
20176244
24159010
16525684
15371949
21034228
3682218
18664542
23337017
20628741
24243631
22044815
16174712
16174717
17900235
826510
23606350
23606353
15299205
16696394
11742337
22814366
22136848
15886755
22803838
12006528
23569038
9669401
22136847
3990030
3190398
21983399
24388407
15963067
1449028
17018445
16024321
22295711
22677990
20350925
21553141
23801296
22332559
9506763
22481925
15153363
15823819
15192947
11849247
12605035
21369742
11746981
11205668
23119879
1349235
18402125
3580165
15283382
18058265
21335003
19670221
15566666
8178773
13189847
15526121
9225783
1559671
1559673
20551283
2821721
10342361
16785411
15630436
541539
23601563
10779143
22177254
17460457
23544872
22143188
17671538
17882443
2902423
22726673
22837926
2784072
23158181
20101884
19595234
24379539
16030160
22118425
17703498
7499446
16260423
9408652
9739840
23303025
20236675
2193484
8616988
11421607
10882153
22124360
19528244
1824169
12203787
22888973
17891237
17891236
21785061
9850656
24044517
22084737
22084734
9392339
1032855
15564829
15316576
15316577
23318645
19509107
15292294
15292295
7104620
3337337
24368535
1745981
1745983
1745982
24052184
10646883
10646882
23378202
18383861
22075140
20839015
15940252
16270877
16407496
23091791
15112910
2342234
23687641
23242039
1496271
9461034
12461335
11525275
20395715
20395716
17267329
19888855
19888857
19888856
21418489
22313411
23553243
9526709
9516975
21922425
15701340
7279693
11564937
18685889
18160464
16418208
20824721
23468571
16553102
24194626
20631031
23326755
23326756
12894512
21173366
12353337
17476829
23922347
20171198
21225761
22978687
20231640
10583556
19910908
19910907
19910901
23161723
22270347
24238040
23596135
15663057
5832973
21645022
19159982
20152708
21309722
18393128
10937048
22780573
16703258
23329771
20729453
24367375
3052482
22471242
22471241
23784811
4067207
20018412
3094240
17235530
9581197
3337050
10923082
18854259
20637346
23236561
22504197
12213904
11041454
22033631
20029980
17297294
14981541
18025426
18192100
15176030
18058733
15156957
23120715
22526913
16868055
19652433
17910356
22145510
17178706
17178703
21624257
23316684
2766248
17345120
11297315
14762699
2651933
21825854
23496275
23114422
8918413
19014326
12107237
22564710
18268520
21315633
23327367
8844732
12574236
6844904
24377596
2780041
19265495
1294248
7163090
22389382
22800531
16402937
14524487
10090961
21799626
21239517
21431405
21632990
2817218
15490070
21327454
21971605
23349474
23349472
14595792
4720000
17123508
21941683
1807282
9822923
9822922
21688343
6504771
22963891
15867345
19320560
24399106
7946597
10843147
21509594
7887782
17387564
8657418
22253131
23174730
21945769
8528355
5546300
14713270
23878537
23939918
1182663
12881714
8233465
18996649
8092797
6713694
17660800
11816534
23320248
22443981
16044743
22204713
6307629
10448293
15251783
8841389
23014070
16444163
9330591
3172520
17673127
17347896
21993615
12186503
12971869
7096915
23306572
24008490
2626365
23094166
22181338
22181336
22181337
3560446
20575904
20471663
17174366
16365291
21607578
9889797
22944464
10021978
22458627
3986815
2038708
20304710
17521005
20660456
7753555
18459004
15761524
9267155
24328403
18922922
14259782
3289724
2031557
24366419
7167162
24021782
21641577
8910032
17435543
22328910
8957475
22158616
9683297
23833756
19494710
3566176
22933955
23554058
8567111
7976670
21830564
11079587
20660039
3450511
3680475
9158394
9882883
10891665
21722150
23457043
12788440
10504520
21219594
874050
20502915
6481470
9135009
16405419
23150687
19041001
19041000
19041007
12230096
3766846
19514404
16149875
16917912
20210670
9868948
17684045
12873315
3047462
18113970
23968452
22736408
17195637
15746993
12708901
24330871
2484902
23483525
9143850
23700887
24260876
19116234
17199431
17199438
16254036
7536453
1297527
7383415
11936468
11485606
22248072
2710483
14668957
12114726
1802675
24246348
18045960
11039712
7799077
7799075
4841808
18618720
22553812
22985118
12111520
8588421
21144363
9568052
11478271
18040607
18085634
11974460
12142399
21498916
17660070
22007921
14712216
15742259
17952702
1935516
7725751
23517313
15212646
11421529
12581895
8740514
3736190
19551443
15856429
20090241
18690800
20013608
19273697
20965287
20553195
1927175
23522438
5898720
18984270
12677951
20080852
12703121
12200999
1574029
23821456
21834675
12417064
19454437
23407367
20067380
11770951
21953129
21953126
22325789
23482591
16893379
17131396
17131393
9717990
24004175
15985472
7811114
23894154
19393416
21048837
21048835
23025542
8180442
18363883
18363882
15027890
20824809
22901217
21496269
24379068
6850505
9739856
21157205
19941236
23463330
22563563
7690684
20803806
21781566
20837233
16720307
21831957
2047892
22518348
22970410
6094883
6531487
20207826
2394474
21243494
21903858
17006843
11913107
21508391
4192192
20461674
23038920
12920751
2342372
24083952
23828437
23828434
23828435
23828432
23828431
7556591
11074641
11074646
20647301
6740202
14618327
10473720
9851670
12459319
4087389
23294230
18077985
3465415
21594522
20470207
20470206
20470203
20470202
21745104
10803328
11952857
21783020
9293788
24263684
1745491
17727338
12173918
16084450
8197768
14578722
11523714
23360496
15753666
15753665
10615843
18465686
18465687
23193072
23572163
978261
22148123
14759077
19337865
21811666
23625203
23533237
23533235
12616125
21484918
8310827
19147753
23152121
23907326
19027515
22088524
16623792
8011021
21085953
16553031
17000524
9329625
3388588
1468756
10881006
21319951
20424115
17124931
3216753
17296934
7004165
6727744
11756755
22614200
1916659
15761504
11921678
8530235
23621223
3673464
19953247
17882495
21570311
12715168
10074915
14233773
2001881
11463498
23486319
7532529
10958309
21103616
23936603
12874070
3235967
24166935
22486813
604560
21147882
24383114
2916907
15829073
22961909
16360827
16148296
1893026
20950253
11717536
8408710
17913947
2741684
15505986
17627253
21908930
23286248
11395561
16279848
16279847
11144102
11144103
5077413
17879714
16143028
14668729
23040929
15876164
15876162
8790212
19035118
9769366
12235469
7573680
8599963
23474266
16000286
21106140
22329804
583618
9927064
12607874
11434665
11434669
9101832
7562053
11931193
22191411
18226854
22190222
10912028
19347817
19117033
15085743
1413835
24083187
3356217
15650366
21521301
23393171
16571094
16571098
16411013
21969150
12192551
24152682
23670709
23097725
9479956
18156435
20683059
21880798
19958926
10708617
7580263
7580262
23814862
15495514
21179279
21179278
12210037
23495036
1381340
12153600
11393064
21042913
17374713
22165070
18089807
20083557
10396577
11296062
22275265
14743508
4051116
18302515
18310274
17495053
20334743
8640794
1219580
19825162
11894786
7478621
2798220
12665647
22614217
15992702
22232715
22614210
22890443
23539728
11869709
21134544
22360351
22011859
11932322
17706110
23090072
17645579
19081859
20012290
7246011
11202090
8203205
19627734
21561161
11871819
7567004
15475448
21996596
15098880
11301350
11301354
18358074
15766599
12081061
23559717
9014059
19883896
22394256
20556610
11718226
23928980
14845795
2711476
12699436
21385079
17289376
9387304
23128246
23358404
21761014
24139209
15472223
2627751
16882501
17279493
14666683
19270854
19270855
17162129
21191314
10634400
23402640
6625452
15126572
18676742
3153412
17710021
17515766
16187912
16776200
7675641
16682940
22435913
22435914
17940185
11554639
11554638
14986300
21948220
10965973
19305382
21900390
7841930
2490923
10520496
23448944
23512068
23380809
20526288
9735646
8473075
12970319
12970315
16882499
18309016
16949986
3668355
18854931
22151618
52963
23569392
18308654
8875985
21081785
22592144
1922882
8555694
23568042
19041827
19041828
19255327
11856700
12074202
20369307
17137036
8883113
17179115
8691639
17621275
23873032
13812867
20854468
19260950
19095604
7713991
21099128
16865209
16360406
9754360
17075398
10989966
10989968
14915008
3956398
13796016
12812214
11436147
23012466
19092372
11989103
15486044
14584755
17316122
10380889
19272228
1988750
23342554
20222406
15658666
18345404
15689324
19066305
24295411
15181070
11114633
23341393
21837525
3652482
23718885
17100547
16222446
8608779
8608778
10779135
12057919
21220971
24144365
17043903
16355851
19300061
17538522
15368067
20596854
21034592
9484932
18085520
22438958
21470995
20886341
2312106
23623403
15239027
8758265
16998461
18381576
16208173
2956598
8459311
2864243
20087631
16360396
11856701
22136836
15048181
1344442
24247620
12541722
12541723
13585342
17256140
11318605
3250133
10374014
22300808
23023230
23023232
23684153
20211099
11849802
6229786
24288553
18794255
5530585
23333637
1014508
3948123
11344225
23709654
15986395
21869536
2686508
10426589
17657791
23414714
14976455
8259840
8803709
4064037
20713869
8800058
19093110
1701232
22145466
22145467
22323775
16986486
21140483
20044632
11751063
21600560
2496525
8635854
11134147
8376147
9920366
17803695
11778561
19888860
19888861
12101857
19883729
22957654
23608996
21412762
9721709
15132720
7990760
11466820
20552407
19798886
23987486
23987482
9715297
18496456
23166414
17349176
12150330
18360996
10732793
22306682
9774495
21225751
7438460
22649416
8790201
22287652
24324857
14588106
1708600
19850694
10504644
11874417
6692296
1634938
19658182
7988395
17824790
22156470
23946802
9181233
18386164
7608252
11575855
23144473
1878524
19777194
1944153
16955471
15213710
12697856
10846427
15944425
17707241
7987633
16203990
16501605
14513881
12605980
14599120
19594419
11917596
20113699
23969099
22498265
15150580
24302752
12798749
12733712
17712314
10934958
6441993
10211600
7633197
14737730
19208314
10646666
10965656
16436042
18583899
17179289
20216232
11754378
15143574
16794517
13625044
16848291
19942992
12947323
9000596
7677405
1569803
8213752
22558328
9133698
11439369
22872517
12525202
17597183
23585692
15735049
19506945
15163309
16007166
15977146
16491404
12107263
8917193
23179992
11932323
17718263
24171036
20699523
20195406
15203751
14509503
15203759
9528832
12667332
20701785
2588123
11757244
24238051
24238053
14989016
11141721
9560501
23421588
18579244
21476057
12016485
16005155
6234530
20594275
21715533
7629389
20076879
7629380
9499265
7594220
15586863
11008406
22113498
16715721
9505213
3368333
24255086
24057319
21552887
7282760
9757998
1620547
18029466
18029468
20960170
7595682
22297052
23140922
9013831
16095849
22827494
20851682
23724969
22738343
745812
10482221
1413840
21716161
2806355
15521990
14561580
22315711
2683975
22821892
21707434
10589793
17063805
5820578
19010660
21649472
12810479
21264807
8563479
22076977
10534163
17065406
22897890
20447896
22459989
16646687
18087766
21695800
24308748
20189620
16817125
12186500
1568178
6639442
21765995
18671238
19644545
15078706
19356627
12946480
21845228
21879253
24326000
19723757
17573672
12056645
12114707
15761510
15761511
22335992
22733393
17972308
1477467
22818209
22925390
23070788
23961501
7982684
7522532
8159411
23159288
24025918
2956510
14735474
23512387
22918300
22669053
12960594
9052406
15297606
8230756
16291154
15350189
21876434
24106316
23918305
6270778
4028901
22273220
2368170
6675516
22284763
7640935
20164547
15091208
10319034
9019212
9930143
24176579
16625968
22791761
7796196
18499963
23847140
7286343
22156907
19785522
21509150
24322795
16405422
8000831
15765757
22863305
18955784
17571205
3097195
18996828
8302810
8794588
15902486
17146385
22942610
143400
22177040
1823030
22177047
18191019
7235982
23482606
10455213
16432709
3973744
19043789
8259688
8362572
23688271
23661355
15251165
22532159
9303357
23436219
23157614
15653649
16434461
15145237
22341041
7293653
7293654
9808321
10805117
10744940
22744707
23155612
15181134
3526193
11136987
3760975
12114779
21878742
15239683
3561374
14586064
14586066
2749651
19208736
23843822
14739864
11340615
23374149
10850414
14588100
19258410
24329613
11833304
23754825
17972530
11935135
23682579
5476786
5476787
2250366
17786355
3354295
10843201
11953778
23131897
20083851
16672060
2164546
22273853
13501177
17243543
10451880
7324407
13543623
11286579
9396398
19456847
23218882
7361086
22760303
22460690
12517951
20205241
20634642
8542909
2000227
18794443
21707866
2883243
3892526
21875464
18063084
18063081
18063083
20212421
20212422
8494786
20429037
11747268
11685560
9551154
22825524
19200582
23969901
18528186
12041916
24375266
22932786
23900477
18766473
19082310
23982258
23858039
19164225
18352821
11279350
19293311
20484104
17971424
22869417
12924173
17334313
24126232
23327335
11108162
22041799
19956062
8219610
23326066
15863962
17452866
17337154
19657751
21173509
24378096
22522602
18277374
1421720
10552086
9929730
3153209
8073982
12548045
18424286
8777386
15770642
7485734
17158749
21193871
7479348
24065492
20074955
22247974
11575858
9035579
3137315
9728793
17684608
9428928
1382831
24276639
22010333
17006835
9669394
22081181
22996253
16932301
17172506
23626564
2536993
17315788
22109972
22946503
1189855
22434481
2005446
21875346
20860430
20465532
19095376
9491214
16714903
15711033
22939503
11244593
18843912
19160863
10192727
15980887
21180995
10025122
15613412
22863493
22484994
7746747
17071044
9617105
11061516
11688359
22932241
22932242
692191
15947946
6428791
22335912
20174895
5951875
21484380
17563908
23790177
15841302
15841300
8440615
24025621
7985706
10946873
1457350
20553841
21298988
2536977
15847791
15803188
16538412
23754668
1871617
6073888
11585859
11585858
6467138
11976802
24213969
12049333
23616148
24341425
15318015
22511178
19034577
17433606
6536204
9349575
17473486
18084681
21296795
18332874
23846818
15899815
7252596
3686348
13299030
22594885
24342307
22815124
20091902
3420932
19173186
10493503
17565260
6475061
17478764
18997667
18997668
2465188
7980252
16830963
18644823
12456213
16688502
22136268
22136266
22136267
22136265
16091757
15944551
14751038
19558833
15194999
20120873
7491517
12871594
887418
23978269
2646465
8154986
23957698
8934047
10560957
10560958
15685703
24266923
19598221
12182047
9270266
1384244
9934552
12516384
19693470
10584405
18463349
12665314
17724004
9879348
9226199
9380603
18773742
1903197
16928445
23508631
11817715
23447387
3725155
9637555
22887810
19147577
3778583
21054476
21966651
8074540
7059925
12004917
19594763
9830782
16329739
13104934
24332292
20084711
12750997
18652765
23302196
22202265
2085366
21822208
21630060
23681150
22280230
2663426
10526627
9839918
17426094
9541309
22388923
7519046
15188460
21546127
23561205
21633001
473251
21034667
8516511
1352125
6857735
23729390
16404230
16121403
15709169
7062137
23192295
18335752
19512954
19095593
21497873
23982783
23982781
7851141
11084393
23900210
15154632
17278897
16080933
20358197
14400378
9790201
9173384
15611411
16481800
20014560
12743874
10982016
19189188
20537878
9239254
9239251
17457781
7304653
9709930
18408749
14534528
22820140
1614399
20824274
9990264
15830362
12410354
21593347
8980992
19616361
18502337
2256427
23335021
5098652
9776197
10221007
14763906
18001178
1384672
22653101
1157017
16568308
9492154
21645139
16187924
20066418
19373912
18232002
18456786
11349221
19861538
16768871
18426827
18426828
17728897
11303891
11303890
2004338
16712678
16712675
22081104
2593228
11074633
3352268
22519274
24341953
1464181
11285769
7062604
22876054
602974
15292559
21832115
15067180
6094710
2863514
18228214
19784728
16159441
22944270
19039917
17607042
11387963
10834392
24350284
23397791
18774544
23374592
16094129
9075070
23406819
12182048
12182045
12182046
12182043
12148571
15338719
10629147
19683979
16601293
15132128
12170087
21498534
21884444
23334946
18803450
19050874
15924358
23426704
20062698
22236503
23898059
3183748
1501857
20593036
8313757
22173648
23049746
11783847
19958753
9793053
15737848
18979451
19223551
23345998
15610714
9685998
11192718
21103641
10795704
24072237
23415778
19447608
17592299
3087907
22304389
23304140
19403545
17947359
23215728
9033879
9651070
21573476
17064489
12114801
5768442
23192391
18018565
18197134
17938759
17938757
8270036
19864950
24301760
9623728
16821600
19242058
12919159
21987112
1768209
22883640
22350610
23553855
21860807
21860806
14992733
19705623
16868643
11007523
18164392
24251307
22224821
23997503
17021421
6894475
15819522
24272600
22936512
11801706
12100079
21159845
10673852
24011674
24328997
12519854
18342286
18342284
18342285
18342282
18342280
18342281
24006829
18927327
15851360
14534014
22170714
8071685
8097390
16000848
3725154
19636213
1463103
21112862
23757117
5856219
12647789
23099964
12925353
20435531
23010732
23599966
21080548
10951397
20033685
10204099
23288646
19678746
10084570
11033735
8545102
10434780
3277907
22847364
23007921
20231628
1527197
21134555
21134551
21134553
21134552
10741739
22473335
21296366
19953577
23348395
22200581
19641954
24363762
21982075
11739420
17006851
17006850
16322380
21215214
15619977
12457448
19134382
19391129
22669985
15914279
7467024
10452315
600242
8649124
21368600
22711876
1947763
16896265
20448388
12961026
12500924
16201895
2729189
17567872
15872369
15717760
7745015
12855021
12855020
12723489
2722171
3587203
8530576
21717721
15307464
22064099
18509983
13356248
12747469
3057101
21069705
2145560
12866375
15256244
15304844
9173172
4002054
17431562
16265347
22461634
12365894
22467286
2834476
19346653
9686011
12534353
22078085
16179622
14215133
19158232
21734006
18657294
12964973
14653139
21113746
17690905
11742316
11742318
21470421
17379963
2472733
6742325
18661355
20719260
16126335
17118841
15318305
9646241
18333702
18833815
10493989
23297510
12966506
20096208
7629379
21175381
23519682
23584460
11030206
2747668
17144524
16728575
21417919
9167681
8253562
10836212
15192965
18026950
19413618
7714554
23124277
20644217
16437976
17700550
23042124
19031085
9884822
16093068
17686305
17686304
17954268
22064117
6424939
22358007
18583418
23910176
23361303
16889489
20713343
16425542
10702399
9543676
15785246
15785244
15785245
22031513
11696174
11696170
18836853
21079156
19926583
9380643
21220984
3116758
22205241
23167390
23467939
11106926
20308516
8503738
17689531
8180971
22540396
3982149
11799311
7211893
2816209
23166112
16501842
3068650
15994200
11059731
17413573
19030936
15216675
15763659
12168868
22136849
17891253
17891252
14516560
10656615
23937803
22083503
16944537
16311845
18399770
9204746
20861795
19696304
8635037
12075407
11940207
23269585
12478648
8237680
19245912
11589306
18713843
21332990
9625358
12371388
21249150
1701953
22081830
6664534
11925961
24368533
21106716
20167722
18996814
19636204
8465653
18509003
17380829
5696115
19096316
22997954
2115330
23904275
10234658
22943994
6872788
23700178
21956610
23970782
2651932
16555619
4062059
24248429
16849418
17667746
9516913
10487693
21112576
19526577
15456136
22095156
8293410
20927023
22576067
23265135
19020251
7392634
22049175
16984246
23345543
15108084
12114746
16967785
20373990
11314023
1566012
15022491
10850426
6512496
15671779
19585137
15671775
15671773
23611326
8588420
8187085
14629818
22767968
1411945
17044028
17761397
23682094
15605906
17473695
7729119
15502856
19446693
14325123
11383871
11788677
11227731
9242342
22066105
22993650
14736527
22006783
11737313
10089078
18277817
20637328
9851751
3736171
21623114
17218721
13588103
17218724
10690905
21345658
9588498
19322503
7629390
6629365
10436194
20950609
21498164
16115225
8497641
24094640
22392921
16366108
8051591
24096868
12845632
20179793
22400969
19738460
15689742
21215711
11296061
11296060
21952495
8530612
471778
20444934
16299399
8285837
19264201
16848179
17415708
21070478
23436920
20715671
19352252
7087584
8523115
22805036
19069748
19805981
23677562
20484289
20821206
9446341
14611704
24297809
20689140
19710001
12860294
23095564
11241899
4960124
17639057
17188101
16834835
23886706
8551134
23264145
18948674
2516841
22236542
21704168
8260232
24402044
17542668
23607201
17542667
15085396
19375610
20548141
8187297
22644688
23079721
10450059
23519608
19072670
19072673
19707890
12378932
19785722
16086077
23622038
19519221
9140297
15952413
23261982
9854932
17956164
17956162
21632805
9854681
3699197
2732609
11078986
10524573
22535643
12029212
20857060
20857065
24276590
18578609
9546258
9192832
3719849
3132690
10722027
4067396
23207498
15107999
9121150
10229505
20425543
18460740
8234866
17179688
10832109
1000814
15789918
16607831
22565664
7648162
6851738
21353652
18393366
19356676
23889916
18207685
12029550
11324995
18607320
1722043
15834731
12701869
14725697
12146030
14662540
1992608
17008858
21396268
8957499
8957493
22767446
8766217
20359568
10458836
24285100
23182918
23182919
9809999
23477374
17268018
9221132
23754651
23754652
9606290
22241789
22582949
3836658
22387099
21725630
2261906
11502811
19364583
19364584
19364586
23564824
19169062
12515135
19081481
16124181
19828692
22166358
21135516
22785429
22270990
4011426
24322323
19169486
24156385
9033233
18348706
12464874
15657587
6660352
11297585
9368667
18018567
18018566
20727493
18809953
23357595
23311243
2890517
23022340
12109784
23182499
23617709
10754474
14692805
24277897
23716027
17687598
18239937
22006540
2330443
19415387
9849814
23486547
15612511
10576761
22762011
15872368
23163107
18314903
3416277
3587204
24348592
7960741
9848714
23735604
19398593
23211578
20681040
21269554
8677502
23462656
9646249
21896899
19355825
5327066
11876608
15272239
16230542
20186503
8787961
11762718
11762712
11762711
11762710
23014068
23014069
23014067
11720878
19194051
16501673
12678482
4071368
10372744
20105187
15172756
16690462
15670208
22909219
3611910
8100564
12054714
12054711
20632913
2249192
20845598
3799676
11158080
9195571
15742271
11497474
17502198
12145578
9414658
12568233
9565123
2667172
1761595
9854568
9854569
16878448
18660640
21803329
19265503
19860577
846857
11404609
11967907
9861322
14209717
23720229
15640888
19900098
18000091
21394301
16185596
7318406
16253771
21449767
23460225
11298625
1671565
15735849
11158019
3951124
22799316
19029855
10808692
11172291
16322336
19461157
12973010
1750190
19415995
8759556
8759557
23872202
11124867
1393857
19773393
9464507
22066053
6120429
22360502
21206234
24373300
17075410
22310270
19724843
749025
7918087
1477008
19128671
4047268
19217032
16641909
8565381
15475935
9555165
2380337
16155918
22735115
6293075
11244539
10423760
19836491
7058535
5549711
3787464
20615140
12114665
11283533
23796566
2256415
20732775
21547408
15096978
19725779
15022628
9227878
10352523
20629335
23525600
7045510
24197448
23348184
21441079
9141569
9141564
23721357
21940280
21940281
21940284
153375
20497934
23220838
2917068
18459444
22733476
295166
23463652
18023321
23828865
20142332
21838904
23484549
18426810
24281999
10417688
19565286
10330816
22855362
24212880
14990593
11894028
20012784
11190536
8977948
7226015
17223992
23479590
17355635
14716124
14991244
2175251
3172898
24089082
7755335
22434789
7755337
7755336
22167730
19672965
15891289
24137351
18470514
8531449
15091209
17957790
22870901
21874046
22038162
3775737
7746733
19653044
9164219
12608895
7016424
10563081
18520248
24006096
15185073
20578104
24289279
8400682
23148663
17986280
7272942
11110437
21997725
23599079
24267409
11117781
23469895
20430252
3208808
11793369
19414674
7857421
19294401
19401814
11155225
11155222
23685894
16207895
24126547
8038503
24332551
15184868
18534700
15009912
15009916
22776228
10420227
22643561
15272920
23340930
2091284
7124290
19459156
3658661
3658666
18631017
18631011
19634786
10326752
23880922
23880920
7977430
8944300
20499412
23517405
22559001
12931640
23673111
20843752
20843751
17983080
10726257
10726253
22233478
23238509
23486336
4714743
21932205
21686857
15509640
3191450
10217870
3893150
16259106
6455475
23076684
23564322
22161024
23084016
15116328
24105688
19626635
3618882
15164288
9841749
20966648
958901
23149302
10629560
22340484
19281428
23455522
7923017
21750338
16468540
10873043
20505909
18225562
19340869
16557207
22551618
9288789
17500185
21607588
15490054
15490055
15490053
21052711
21264543
16331264
15880187
15981041
20969694
19222495
12487263
12017319
3967174
20024942
24407283
23083442
23379688
20087589
20660054
9020497
23528368
22184780
22302283
9822123
7376046
3281848
21040579
12541017
6543755
12899096
12071534
7547138
21407159
10807064
9174719
22783423
19723317
16550759
6616422
22614186
22614187
22614184
21134561
23645777
22837091
21254012
7638512
19075543
12907632
17535994
8435810
19912297
19661784
3434281
22595535
17704536
23731273
16319807
24085223
10074721
9499361
18720068
24145614
11425213
2590864
23064004
536837
11504372
20138116
21744345
7630175
7630178
18567668
12184903
8758680
2063977
22827579
19047970
610559
610558
20625728
20349662
610550
610556
2334411
12855015
12855017
10681781
8629418
12209666
23271037
22778883
20473281
24006772
24296516
17554185
9890734
9890737
9890739
9525971
19847590
3202993
7669734
18043257
17331834
6814409
21761030
20954315
15517490
15517491
18539888
10438545
12490079
11370535
11370538
11370539
2292479
2184414
18676765
17515749
3773569
21254654
10365671
10365673
21509319
9497879
12040653
8675585
13845950
22666793
15139704
9062474
21932179
11215773
22800361
2090795
12399439
15200040
15200043
7508906
17418251
17072245
2346381
17917631
16788983
8339226
11742320
11742325
15933498
17123337
21719159
2300393
21294389
10956383
22519226
20719259
18628356
18612701
22792596
21630203
23313072
11193183
8871538
10511731
11289737
24199963
24199968
18419980
7590742
11193452
20848436
23304086
18474871
12491509
3965495
23091247
17685465
6875677
6819704
2340128
20726389
11929080
10566678
22066481
11156407
21278616
8085782
15948113
18188642
22875646
595510
7214311
15560308
22918165
7984808
11686558
3896182
18166820
22679061
22980691
7723373
23534744
9306540
23826916
3797259
9218907
19160311
12560781
23852348
22873179
9874430
15678900
19100481
24163084
2130222
11114619
22278431
21598227
19779325
22350587
21403889
22266805
23244139
11323565
21053573
2256356
22996403
4079392
19910897
17667446
21049466
21049464
21049462
21049463
21049461
7882438
23494581
16832140
23075900
14739848
9315053
14674100
17652794
10626858
19487296
18636294
16555024
24287799
10603585
20111614
2793133
22920548
15515191
9134245
4057333
11138683
11518597
7724824
8759617
23787013
23089475
16033735
21167555
12883254
22136817
22136816
18703852
17891228
12728791
21545903
20951315
8045955
15764888
7989843
2221797
7079679
17630916
12203860
23948454
24107609
7755338
20535818
12641636
9814501
22150591
20001720
20001721
1748427
8678852
23221150
8330267
22059804
17294077
22718304
18376194
16010252
24013977
20685810
22889773
23360821
8085087
18619747
9416692
5870049
19504446
4090912
23295297
7364593
21140714
18548351
16440166
9851250
24305950
15098009
19122348
19731977
590463
2375118
16715702
19759208
21093207
12034063
17120310
20869566
15098919
22394702
13385637
6871648
11705000
11705002
22450825
14675996
17635168
15337802
19818763
21876838
23956904
8871008
10229904
18585556
19247651
23651132
19218279
9136516
23388428
23813775
18085362
21252666
21947652
22106241
16960401
12114791
12114790
9199655
23357825
11213579
18040692
23915122
17595858
10584133
11765341
20429310
20840674
17949266
15242576
22332734
9619317
23412977
11174831
17318279
17318278
17709725
21595556
20687394
19628649
3669824
23857026
21080253
20042852
9580856
22354485
16199924
15319591
9589668
24225414
21569904
21569906
24107415
19922104
10506503
16758370
6183227
17555505
11388991
24077637
14512328
19915766
24081676
7611541
18058267
22526904
23585181
14557485
11441292
22524468
22068114
24001104
2878164
7275021
10022401
16551863
9544174
15531474
19094626
17525119
22688732
19513551
14606565
22467230
8295384
10767363
1493570
9774838
15283689
21795449
20339953
21825849
22921753
21340173
12193302
23533107
19856309
22681706
7342021
15072185
15683823
18591888
21556739
3793847
18665625
14620185
11117782
12182014
21161440
11710686
12804106
12804103
20561773
19194352
8214286
23913830
17690788
17690789
6961716
17989125
6831371
6313176
7028344
18704973
19644722
9536994
22335197
16753739
22972223
19760415
19760413
10402894
19655201
19655202
17011421
11883862
11883865
21334106
22105775
19294400
3431197
7973894
23734674
20847059
21270757
19454395
22780333
14715833
8649038
23564213
20217410
15713996
8662104
23242250
2251958
9811335
12448209
3217257
5063675
23106409
23055546
16021577
15192042
23569568
24175846
9330589
7137085
16627919
9259520
8038507
12681214
18362303
3993839
17492955
6427386
18815668
9545107
9545105
11488423
15698739
5830910
24354346
16270762
16817140
16817141
9038540
17453446
22142994
18088181
10510812
22948755
8789493
7225731
12354135
6851742
23601564
24267705
15338449
17274750
17766715
16925971
6435198
7787431
7787432
15436284
13313991
11327617
16847185
23043196
11589688
16329987
21849927
718127
21029259
11549631
14660910
23477346
8280301
1709087
9141397
7738653
23681073
678192
18063080
21220347
8341053
10426566
24221277
11091840
4034008
5076160
22549559
22236755
22766226
13017514
23192956
22207493
24124924
10792769
18681857
21653734
21822854
16405407
16405405
23150695
15266330
11916283
24081540
8441271
18018555
18018558
16888911
24174176
2247841
23120480
8356534
12843201
11484983
18261626
16872798
23242040
19411029
18434370
12109624
17131429
8408476
17131422
23023191
22495817
21267788
21399390
8143231
17199440
24385210
11419560
23861775
657934
9419122
21897114
12417089
15933516
20061298
12058304
19841680
19445628
10849090
19445624
24246352
18852922
21352707
21710325
23159897
23159896
23489023
18852924
21355951
9024215
9763031
21326144
2975038
18283164
22644998
17693985
17693984
22187228
17519514
9949353
13270233
8912084
21880704
21168262
22175271
2896950
16150246
1657482
1657487
6460934
20842858
18186293
10367630
10367631
17190430
7725745
7725744
7725743
10427852
11421551
11421553
11421555
15322387
11421559
24064622
19609842
11321340
18626655
17043273
11349838
18827421
19902289
21594702
21594703
21594707
6485689
15716757
23474639
22472193
24075674
2314197
16894419
11701695
21728067
22087461
10369300
20808705
23030349
8698304
22274547
23398107
4088188
9335437
14568170
14568171
20380255
11863215
12553553
12553555
19670741
1891347
23104534
7756250
23153322
15627060
19095577
17063083
18260743
9239240
12148417
22869474
21092831
23162534
19772419
19772418
11087647
20406109
17188155
17188154
17188156
16610695
16610694
16610690
8402050
20712436
9239239
12127404
20452757
22531679
3242762
9387910
12117344
12925288
22500044
2406025
23274361
1869997
1869993
23165376
15695326
19620598
12016468
14313101
21857866
6627204
23600282
6611265
19851194
11747322
17883094
3755995
23166884
23166885
19558727
14137140
21321384
1220004
10787142
1439000
20204403
23776898
16189169
1737400
7678053
21518190
12926147
23869322
17574976
23729178
17060774
21471170
9240297
19833337
24383082
12574769
23921836
9702543
23520464
17684621
17684624
9612502
9612503
8827279
20850026
23067689
2566146
22827435
1369745
22477067
22325220
12856803
9662590
10727004
10727003
22892653
23322499
18696160
18696162
4307523
6407747
22366982
1015682
22957267
20015785
22319042
21149483
14657716
841063
23255922
18925842
8531436
14761598
22900889
16556714
18342283
23783103
21411300
9850657
6513702
16443219
15753676
22878578
10607373
18818134
22858857
15942483
22942786
11508827
3748001
17986279
11723908
9380818
9380817
23615414
19048752
22027090
15946492
19803039
9713362
23599598
15163008
9846501
22457234
17562092
19052494
7995425
18778808
12910514
7977973
3407192
7956323
8455341
10698055
22337391
20614729
11957557
8550774
3283607
15844454
3356216
12446919
22472564
15170542
19436230
19436231
11502841
10857308
16209057
17452868
11803634
21039721
17298986
22047924
19771906
17431661
23266584
23302207
9931611
9931612
23790258
17575492
12880118
21654353
21796448
23721138
677774
19856257
19856258
22639292
22639291
10836693
8077365
19533244
22136207
18757433
18902096
14752883
23826897
17633256
23857157
7717366
19643560
12119761
14668719
1565936
22127603
1512532
23969188
1437298
17598974
23056499
17037283
9625454
15678861
15278189
10649530
10614137
17600472
24008611
15095090
12607862
10481929
11081250
22770922
20168289
10515332
15593461
24231907
20350937
19820516
12053713
10090309
10090308
10372715
17236661
23488912
11752453
20151122
16571089
3827442
12192549
18785496
9004925
19055826
21052476
18004607
3999394
17412519
19958933
19958937
21848910
8981013
17696827
1870365
20804025
1781276
14587110
18353179
18812478
19275510
22007338
10449830
19917920
6847489
22663550
15581164
21084394
2930688
7917529
23098114
1516009
11253113
2916367
7129521
22521260
20953721
17982609
20925955
23457315
11740051
11740053
16181240
21134537
21134539
14513322
23385357
17006839
17006838
17006832
17006837
17006836
9470182
10624858
17914109
17914108
10894561
10894560
23847796
18596397
22096618
5527678
22969247
10832526
22249628
7664896
19360746
15682843
17475578
22941165
8262271
2929206
4691617
21339735
11202089
23532502
23532501
24002951
10931090
12670889
18431142
610561
15145515
14668956
15526350
21207130
24295076
1726695
16918957
10722360
7856976
24088549
22873040
11846730
23624131
5825178
20848238
11128725
17201802
23340593
23710806
12817624
12833452
20719165
20548269
22524499
20615132
23135422
19209130
19302538
21725210
1902162
12056464
11469350
21537871
1483945
21992360
9226030
16187909
21853499
5471531
8254427
16845854
16732600
12843163
2699711
7989975
22648965
21536396
12727994
22715063
17581750
22006471
7322903
8289014
16061828
6485347
22856482
24397849
19047780
18762555
8116996
2054989
2891910
21079157
22087789
21756810
23304637
16556026
12370115
20345340
17076909
2227923
476434
22776915
23722225
23722226
3356215
20681794
23971786
21986400
1565783
15356020
15356021
13582391
24125989
2312602
12665649
4929938
19567120
22932157
16013975
12182064
7509102
20939429
19671518
14561570
16818623
15880523
2722500
15256777
24403717
12478538
11447738
4476467
22041675
18208668
2645038
21051899
3253029
8772642
18831249
12522895
20189076
11114620
22694280
15972190
23925627
23925626
23925625
23925628
23161556
19589279
3401189
17609408
21681379
23188784
9777749
20463835
20463837
9777742
16509248
16119108
21505897
16119107
16181547
7362444
2611030
18175115
2292657
24115043
23403514
22667339
2070332
20087239
8725126
23412848
14615819
16405261
5522632
1781039
23567283
7214723
18826577
22070050
9111444
11369990
11369991
16395493
16395492
22136820
22136821
2004508
1827317
581461
15291124
23685895
9755680
12460924
2379481
16080480
20353278
23969100
9848713
11339092
3623435
16858944
20041247
20041244
15817909
15046390
17227125
16118775
9474590
9467569
4366003
18090216
3967175
20054554
21951668
23746767
20409321
24093878
3820853
15347723
11297567
15998781
15062366
229834
24042420
18299932
2454902
23857214
12513954
14584085
22535019
21316205
902600
11554854
19493635
24406181
16891093
6002041
16133388
9044600
9715281
7259944
596772
19615280
9445196
16735983
22234114
12568423
18652216
18652215
21965084
23762664
12430133
8488473
23713855
12921612
23796008
17222251
20120034
15920537
20063552
18544444
17614774
17614778
21631972
24394853
24186588
3276396
19995698
22522710
7487710
17595846
3758853
22971040
17505148
13916375
23467725
21824401
11939728
23964647
12462080
16322322
21663528
22156467
22156462
22156461
23250147
11963755
16127529
18956604
9477108
8133143
10520714
4064348
8712295
8712296
24390830
23982724
7479095
17580029
7944495
23062653
22547555
15547772
9669286
9669285
20029416
22081274
23877529
16822319
23786233
22732927
13403580
11426239
20942235
18604733
11038428
17554461
19125011
20659341
15487449
12234063
2710688
21695993
14688895
18540297
20479372
19578981
9374234
17520704
20154638
22730192
12444888
21521273
10718555
10718554
9833215
8980243
10396858
9074522
21565972
21355471
16522694
24022557
9591591
18248717
9133681
21088504
12365214
21191179
1124555
16421240
3245676
11762719
23293329
7671101
19124005
2325263
20551551
17578824
15457986
22691412
14515006
18594906
21247815
18985036
15962085
19761430
3441634
3441630
3441632
1633347
15780216
7483337
21888566
23804339
8130165
8915115
19903742
10459176
22511602
6505969
17725440
14529875
16647341
12803010
12803014
20518413
23343222
21715540
20646368
20597400
21392471
7629392
20013612
19408511
19106146
2312607
11434224
22207521
16932278
23067402
22240889
3742994
22238400
12933692
10566680
15307938
22740838
22648105
23788956
20008098
18682506
18682509
16630482
1542996
16045783
15369456
24040896
5455326
1724302
12538453
21520031
22447142
18931957
21917876
24098014
24098016
17252690
17317846
10487946
16541452
7447520
1843847
15142440
11038215
1803966
9274701
11240987
11870661
24297791
23820062
18948764
914302
6721784
19884740
18253103
8066203
9387899
21573833
21816801
17244966
17244961
17244962
19224514
11403259
19370421
3620879
9645451
16550594
19574485
11762717
